-7.4700	-7.6101	15.4660	0.2950
-7.6500	-7.7098	15.6970	0.1820
-6.3300	-6.3838	15.8050	0.1030
-8.4600	-8.5044	15.8840	0.0580
-6.0300	-6.0853	15.7680	0.1220
-6.0300	-6.0853	15.7680	0.1220
-3.4800	-3.6581	15.1730	0.4310
-7.6500	-7.7098	15.6970	0.1820
-6.9000	-7.1429	19.2270	0.3900
-12.9000	-13.3970	22.5770	0.7120
-9.0500	-9.4009	22.4750	0.8800
-0.3600	-1.0719	8.1450	2.0170
0.0000	-0.6628	8.6430	1.6930
-0.1700	-0.8811	9.2770	1.3660
-9.2400	-9.5804	23.0400	0.4870
-29.1400	-29.4136	54.8360	0.6160
-8.9300	-9.1442	25.0310	0.4890
-29.1400	-29.4136	54.8360	0.6160
-1.4500	-2.0716	7.6600	2.9110
-2.6900	-3.0934	10.0720	1.2340
-2.6900	-3.0934	10.0720	1.2340
-0.3600	-1.0719	8.1450	2.0170
-1.4300	-1.6488	10.6640	0.6920
-2.6900	-3.0934	10.0720	1.2340
-4.0800	-5.0288	17.3040	4.3520
-4.5800	-5.2251	18.4560	1.5170
-11.1400	-11.3293	26.3090	0.3570
-13.5500	-14.1689	38.4070	1.3240
-9.4700	-10.3586	31.4200	7.1860
-11.5900	-11.9353	35.9130	1.2220
-2.4000	-2.4937	11.4510	0.3070
-6.2600	-6.3786	17.5280	0.2360
-0.8200	-1.4171	14.7400	2.3340
-11.3700	-11.8040	28.6350	0.7060
-7.7300	-8.0656	22.9700	0.5330
-8.7100	-9.0488	27.6410	0.7170
-6.4700	-7.0560	22.6550	3.9600
-7.2900	-7.3959	18.6380	0.1860
-7.7800	-7.8481	16.8040	0.0980
-5.4900	-5.5929	14.6720	0.1640
-10.9700	-12.0384	34.3180	1.8980
-15.5700	-16.0571	43.4630	1.4920
-5.6600	-6.4232	19.2750	2.1620
-14.9900	-15.6584	27.0370	8.8110
-8.0900	-8.1717	19.6990	0.1540
-5.4100	-5.7741	20.6900	1.3850
-11.1400	-11.3293	26.3090	0.3570
-2.8100	-3.1090	15.9870	0.5090
-2.8100	-3.1090	15.9870	0.5090
-4.3400	-4.5344	12.8010	0.7400
-2.0400	-2.8762	14.0740	2.1210
-10.1900	-11.2717	37.9930	2.9410
-10.1900	-11.2717	37.9930	2.9410
-2.9900	-4.1342	21.3750	3.8130
-5.2900	-5.5439	19.8420	0.6390
-30.9100	-32.2872	59.3930	20.6610
-6.1300	-6.3101	18.2440	0.4200
-6.1300	-6.3101	18.2440	0.4200
-6.2500	-6.5199	22.5150	0.8930
-8.2500	-9.0838	30.9240	2.8930
-13.0800	-13.3874	27.7090	0.7140
-10.2700	-10.8771	26.7410	1.8140
-13.0800	-13.3874	27.7090	0.7140
-4.1300	-4.2628	15.3720	0.3250
-3.2300	-3.7565	11.5990	3.0630
-11.6400	-12.1999	22.7910	1.3490
-6.6800	-6.9067	21.2040	0.4100
-3.4400	-3.5555	12.5840	0.2130
-4.2800	-4.5610	17.5980	0.7410
-5.5800	-5.7238	28.5020	0.8070
-3.0800	-4.2951	0.0000	4.8780
-3.0800	-4.2951	0.0000	4.8780
-16.5500	-16.6500	35.1340	0.6020
-13.6600	-13.7962	26.3570	0.4090
-11.8800	-12.4665	25.0580	1.2240
-13.6600	-13.7962	26.3570	0.4090
-11.8800	-12.4665	25.0580	1.2240
-13.6600	-13.7962	26.3570	0.4090
-11.8800	-12.4665	25.0580	1.2240
-13.6600	-13.7962	26.3570	0.4090
-11.8800	-12.4665	25.0580	1.2240
-6.3800	-6.7056	26.8500	1.3350
-3.8200	-4.0459	13.1940	0.4270
-6.6800	-6.9067	21.2040	0.4100
-4.0800	-4.1415	16.7620	0.1210
-3.1900	-3.2959	13.4060	0.3430
-4.2200	-4.5914	23.8380	1.9400
-7.1500	-7.5638	24.8940	2.0070
-11.5800	-11.7930	26.2740	0.3720
-11.5800	-11.7930	26.2740	0.3720
-1.4300	-1.6488	10.6640	0.6920
-2.6400	-3.0578	12.8070	2.0250
-8.7300	-8.8004	19.7330	0.1340
-2.5900	-2.6440	12.6960	0.1730
-2.5900	-2.6459	12.7370	0.1490
-2.5900	-2.6427	12.7220	0.1590
-2.5900	-2.6437	12.7150	0.1620
-2.5900	-2.6358	12.7920	0.1090
-12.6300	-12.7438	29.4920	0.2940
-9.0300	-9.1060	18.6950	0.1630
-9.0300	-9.1060	18.6950	0.1630
-3.4400	-3.5556	12.5790	0.2150
-3.4400	-3.5555	12.5840	0.2130
-3.4400	-3.5555	12.5840	0.2130
-15.4100	-17.6575	53.6900	12.6580
-3.3000	-4.2506	13.8960	6.7340
-1.8100	-1.9072	9.4060	0.3640
-3.9200	-4.2387	20.7830	0.6270
-3.9200	-4.2387	20.7830	0.6270
-2.7500	-2.8962	13.3010	0.3550
-5.9600	-6.6393	19.1670	6.0100
-10.7300	-10.7639	21.8230	0.1120
-5.1300	-5.7791	15.0620	1.0520
-10.3100	-11.2448	27.7210	5.4400
-8.0700	-9.4860	25.2320	3.5260
-5.1400	-5.4212	18.6120	1.5610
-5.1400	-5.4212	18.6120	1.5610
-5.3300	-5.8015	21.2380	0.9710
-2.6300	-2.9182	13.4400	1.6910
-16.4400	-17.2650	42.8900	1.7550
-7.2300	-7.3403	21.4030	0.3100
-3.4400	-3.5555	12.5930	0.2090
-12.8700	-13.2221	32.3290	0.8780
-3.1900	-3.2727	13.5910	0.2090
-2.8400	-2.9474	13.5430	0.2320
-10.6500	-10.7611	22.5860	0.2250
-9.6100	-9.6914	21.6810	0.1610
-9.0100	-9.1099	21.6160	0.1940
-11.0600	-11.2122	24.4290	0.2910
-38.0100	-38.8177	89.0740	1.5500
-6.6300	-7.8934	18.9010	7.3020
-1.7200	-2.8578	15.0580	3.9820
-1.7200	-2.8578	15.0580	3.9820
-1.7200	-2.8578	15.0580	3.9820
-9.6300	-10.1815	29.2830	1.5360
-5.1300	-5.7791	15.0620	1.0520
-8.7900	-9.3374	21.6550	1.1780
-3.6500	-3.8024	16.3540	0.3560
-8.3900	-8.6533	28.7180	0.6930
-6.6300	-7.8807	18.8900	7.2530
-5.6700	-6.0469	26.2010	0.9070
-5.6700	-6.0469	26.2010	0.9070
-23.5800	-25.4266	61.8880	5.3710
-11.8500	-12.0188	27.6090	1.0410
-5.1400	-5.6663	25.2730	1.6170
-5.1400	-5.6663	25.2730	1.6170
-4.8600	-5.2701	21.6840	1.4350
-9.4100	-9.6310	29.1610	0.4590
-3.2400	-3.8572	15.6370	1.8420
-3.1800	-4.4434	15.2830	4.6060
-4.0800	-4.2726	16.3990	0.3060
-4.0800	-4.2726	16.3990	0.3060
-12.6600	-12.8597	36.5160	0.9360
-10.4500	-11.0002	23.0630	1.2520
-4.8300	-4.8741	11.8480	0.0770
-8.7400	-8.8487	19.5480	0.2270
-8.5100	-9.1182	20.8640	1.2790
-8.3300	-9.2437	25.4470	3.0900
-4.1400	-4.6126	23.2960	1.5190
-2.1100	-2.7243	10.2980	3.0720
-23.4100	-25.8154	68.7580	7.3350
-11.7500	-12.0726	40.6610	0.7140
-5.5100	-6.2796	23.8490	1.6410
-7.9900	-8.1199	23.4460	0.2820
-2.7200	-3.2769	15.0360	1.6720
-2.7200	-3.2769	15.0360	1.6720
-2.7200	-3.2769	15.0360	1.6720
-2.7200	-3.2769	15.0360	1.6720
-4.6500	-4.7288	15.4370	0.3410
-13.1100	-13.8119	38.7010	1.8010
-4.8400	-5.8977	21.2480	2.0810
-6.5800	-6.7182	21.2360	0.4660
-15.0600	-15.3309	34.4210	0.9740
-7.2100	-7.9223	27.4540	1.3280
-6.4700	-7.0560	22.6550	3.9600
-8.0000	-8.2490	22.7330	0.8210
-18.3800	-18.9080	44.2170	0.9220
-30.4600	-33.7128	50.1630	29.7830
-30.4600	-33.7128	50.1630	29.7830
-4.8600	-5.2701	21.6840	1.4350
-8.7500	-9.1439	30.5540	1.4710
-18.3800	-18.9080	44.2170	0.9220
-3.2400	-3.7560	12.4960	1.5560
-7.8700	-8.0452	21.0490	0.5940
-6.7900	-6.9214	22.4060	0.3030
-16.8400	-17.5245	49.9810	3.0470
-7.1400	-7.9056	28.7900	3.4310
-17.5400	-19.5363	52.5140	14.1690
-17.5400	-19.5363	52.5140	14.1690
-2.6900	-3.0934	10.0720	1.2340
-11.1400	-11.3293	26.3090	0.3570
-12.0500	-12.1501	21.6800	0.1610
-4.3000	-4.4440	14.4890	0.2640
-20.3100	-22.6245	69.2450	6.0160
-18.6000	-21.3239	64.2910	9.5460
-4.2900	-5.4907	22.7340	2.1810
-46.2700	-47.4871	37.1330	33.1860
-28.5000	-29.0735	46.4300	7.9100
-5.1900	-5.9270	20.8950	2.1680
-1.1200	-1.7437	12.4570	1.9380
-2.9900	-3.2145	15.0560	0.4800
-5.8800	-6.3040	19.1270	0.9750
-5.1200	-5.4408	24.9000	0.5690
-12.2100	-12.9096	31.3310	1.5360
-13.5400	-13.7717	32.8150	0.7180
-8.1600	-8.3539	29.2080	0.4160
-5.4300	-6.0691	21.4630	1.3100
-4.2900	-5.3170	18.0850	7.8980
-1.5500	-1.8237	9.8600	1.2840
-6.6300	-8.0091	20.1790	7.1400
-2.3600	-2.4763	13.3390	0.3380
-5.5300	-5.7120	18.9550	0.5850
-7.4700	-7.6101	15.4660	0.2950
-6.4300	-7.3209	25.5790	1.7710
-25.8200	-26.4873	45.5720	1.2210
-1.9600	-2.7174	15.7920	1.7130
-1.9600	-2.7174	15.7920	1.7130
-4.8600	-5.2701	21.6840	1.4350
-9.3600	-9.4272	20.7720	0.1190
-5.4300	-6.0691	21.4630	1.3100
-6.8600	-7.2948	21.3690	0.8940
-6.7900	-6.9067	19.5320	0.2420
-7.0800	-7.2599	18.3360	0.3320
-1.2700	-1.9783	10.7310	1.1550
-6.4600	-6.5069	13.8190	0.0920
-6.4600	-6.5069	13.8190	0.0920
-22.5600	-24.5064	53.6620	14.8400
-2.2400	-2.8733	13.4580	1.4280
-4.6500	-5.0000	11.0740	0.4870
-3.1500	-3.5215	10.9920	0.5390
-5.0100	-5.3590	11.0960	0.4720
-7.1500	-7.4024	19.0430	3.8430
-7.4700	-7.6101	15.4660	0.2950
-22.9200	-23.1245	46.9770	0.6170
-8.6300	-9.0198	26.5020	0.8070
-8.6300	-9.0198	26.5020	0.8070
-7.7500	-9.4196	31.9330	5.3430
-11.5900	-11.9353	35.9130	1.2220
-14.9900	-15.6584	27.0370	8.8110
-9.4100	-9.6310	29.1610	0.4590
-7.2900	-7.6933	33.3270	1.6700
-6.7900	-6.9067	19.5320	0.2420
-7.7500	-9.4196	31.9330	5.3430
-7.7500	-9.4196	31.9330	5.3430
-10.5300	-11.2468	21.5350	1.2910
-23.6200	-24.7573	55.5510	2.4560
-7.7500	-9.4196	31.9330	5.3430
-20.2900	-20.8345	26.2010	11.8650
-23.6200	-24.7573	55.5510	2.4560
-8.9700	-9.4343	22.2150	0.9730
-7.7500	-9.4196	31.9330	5.3430
-4.7800	-5.2440	24.4980	0.7790
-8.0900	-8.9432	23.2090	1.9590
-8.9500	-9.0317	22.6020	0.2290
-1.5300	-2.5506	0.0000	2.5820
-8.7700	-8.8623	31.5560	0.2560
-9.1900	-9.2772	31.5090	0.2880
-12.6500	-14.3184	29.7010	11.8220
-6.4300	-7.3209	25.5790	1.7710
-8.3500	-8.6997	24.6000	2.2060
-14.7600	-15.1956	26.5880	0.7060
-18.1000	-18.5200	26.5890	0.7060
-5.1400	-5.6663	25.2730	1.6170
-6.6100	-6.7412	15.4510	0.2800
-5.4800	-5.6469	15.3520	0.3270
-18.3800	-18.9080	44.2170	0.9220
-14.7600	-15.1956	26.5880	0.7060
-14.7600	-15.1956	26.5880	0.7060
-1.8200	-2.6075	13.8070	1.1440
-4.2900	-5.4907	22.7340	2.1810
-4.2900	-5.4907	22.7340	2.1810
-6.0100	-6.0434	17.7640	0.1450
-8.0900	-8.1717	19.6990	0.1540
-0.7300	-2.4641	8.3370	5.8420
-13.5500	-14.1689	38.4070	1.3240
-4.5900	-4.7594	14.4120	0.3120
-14.9900	-15.9816	43.0650	2.9670
-0.8200	-1.4171	14.7400	2.3340
-11.3700	-11.8040	28.6350	0.7060
-8.7100	-9.0488	27.6410	0.7170
-8.7800	-9.4518	22.7470	4.5190
-8.4200	-9.2004	25.5720	1.2560
-18.0000	-20.5188	72.7880	8.4430
-20.3100	-22.4302	53.7510	12.4490
-5.2900	-5.5439	19.8420	0.6390
-9.1400	-9.7525	34.4760	1.2860
-9.5700	-10.2350	32.8420	3.2320
-29.7300	-29.8204	39.7230	0.1460
-19.5900	-21.5481	48.2040	5.8610
-20.3100	-22.4302	53.7510	12.4490
-14.3500	-15.4128	44.5940	2.5400
-7.1700	-9.1270	35.3390	4.8120
-7.6700	-8.3173	25.5460	5.9680
-17.4800	-18.2994	41.8160	5.2560
-5.8700	-6.6862	24.4470	8.3220
-8.7500	-9.1439	30.5540	1.4710
-5.1900	-5.9270	20.8950	2.1680
-23.5600	-24.6000	69.9770	3.6610
-20.0800	-20.1430	29.7840	0.1090
-12.5800	-13.1850	30.7060	1.8290
-12.5800	-13.1850	30.7060	1.8290
-19.3700	-20.8734	61.4530	6.8770
-19.3500	-20.8908	62.2430	6.8500
-20.0700	-21.5411	61.5850	6.7940
-10.1300	-10.7443	30.3390	1.6850
-10.6200	-11.0291	35.8710	1.2040
-4.2800	-4.5610	17.5980	0.7410
-19.5900	-21.5481	48.2040	5.8610
-26.5800	-27.9309	72.3770	4.5870
-21.5100	-23.1880	57.6090	11.1990
-3.9200	-4.2387	20.7830	0.6270
-11.5400	-11.7954	34.1400	0.4450
-10.6500	-11.2609	28.6330	1.8750
-19.3900	-20.8481	61.5710	7.5770
-19.3900	-20.8481	61.5710	7.5770
-3.4300	-3.7920	16.6400	0.6820
-5.2300	-5.4179	14.3260	0.3750
-14.3500	-15.4128	44.5940	2.5400
-38.6700	-39.9794	68.9980	2.8170
-2.6900	-3.0934	10.0720	1.2340
-12.5800	-13.1850	30.7060	1.8290
-22.6200	-23.7039	62.8150	6.7490
-13.1100	-13.8119	38.7010	1.8010
-17.3100	-19.2419	50.4610	7.1390
-12.1900	-14.3495	47.6740	6.2710
-12.1900	-15.2107	32.2120	14.9060
-10.3200	-10.7491	26.4710	1.7150
-7.6000	-7.6962	15.6460	0.1810
-7.6000	-7.6962	15.6460	0.1810
-7.3000	-7.3789	21.6220	0.2340
-16.2700	-16.5089	46.1720	1.1670
-2.7900	-3.4656	22.5240	1.2840
-1.2500	-2.2767	19.8080	2.9400
-19.5900	-21.5481	48.2040	5.8610
-7.0300	-8.3198	23.1690	3.2290
-13.1100	-13.8119	38.7010	1.8010
-33.9800	-35.6895	83.4840	8.7820
-10.8700	-11.2086	29.6340	0.7110
-13.8900	-15.3869	46.1930	16.0790
-8.4200	-9.2004	25.5720	1.2560
-11.6700	-13.8268	39.5050	9.8290
-6.4500	-7.0445	9.4090	4.8880
-4.8700	-5.1036	17.0260	0.5070
-13.1000	-13.3729	31.8240	1.2930
-7.0100	-7.1102	22.5340	0.2450
-5.4300	-7.1640	25.1250	8.5270
-5.4300	-7.1640	25.1250	8.5270
-8.6200	-9.1035	22.6320	0.7220
-8.9800	-9.7439	36.0470	2.3220
-19.3900	-20.8481	61.5710	7.5770
-19.3900	-20.8481	61.5710	7.5770
-13.1100	-13.8119	38.7010	1.8010
-16.0400	-16.7751	54.3790	2.1520
-8.6300	-10.1080	38.6730	13.2330
-28.6800	-29.3569	63.7960	3.3160
-2.6900	-3.0934	10.0720	1.2340
-11.8800	-12.4728	38.3040	1.5330
-14.8700	-15.3149	36.6690	4.1340
-13.9100	-14.0591	38.1190	0.5850
-10.6200	-11.0291	35.8710	1.2040
-30.5800	-32.3049	13.5010	17.6860
-8.7100	-9.0432	27.6680	0.7130
-5.2300	-5.4179	14.3260	0.3750
-19.3900	-20.8481	61.5710	7.5770
-19.3900	-20.8481	61.5710	7.5770
-19.3900	-20.8481	61.5710	7.5770
-19.3900	-20.8481	61.5710	7.5770
-21.5100	-23.1880	57.6090	11.1990
-21.5100	-23.1880	57.6090	11.1990
-18.3700	-19.1867	47.6000	2.0310
-20.5000	-20.9444	30.5970	0.7120
-1.8100	-1.9059	9.3900	0.3830
-13.5400	-13.7658	32.7270	0.7630
-18.0900	-18.4785	36.7840	0.6100
-11.5100	-12.4801	26.9530	5.9240
-29.7300	-29.8204	39.7230	0.1460
-5.8800	-6.3040	19.1270	0.9750
-10.0900	-11.6640	37.8370	8.3090
-19.3800	-20.3708	44.5220	2.6250
-17.5600	-17.9041	40.5320	0.8050
-29.9100	-31.9537	82.8090	6.9330
-5.6200	-6.5088	16.0240	5.1480
-5.6200	-6.5088	16.0240	5.1480
-20.8300	-20.9329	39.6560	0.1730
-21.6700	-23.6672	49.6550	15.8870
-21.6700	-23.6672	49.6550	15.8870
-21.8100	-23.7227	50.7640	15.7870
-4.8600	-5.2701	21.6840	1.4350
-30.2500	-31.0357	58.0620	5.8270
-13.4700	-13.8173	33.6890	0.6910
-3.1600	-4.3244	20.4700	3.7100
-8.6300	-8.9587	32.2930	0.9960
-13.0300	-13.2318	31.1780	0.4190
-2.6900	-3.0934	10.0720	1.2340
-4.4000	-4.7059	16.0320	0.4890
-37.8300	-38.1944	67.3270	9.9190
-37.0900	-37.3386	75.8610	0.6620
-7.3400	-7.7822	19.6480	1.3320
-9.2800	-9.8335	24.8890	1.1000
-1.3500	-2.3442	15.7380	3.5070
-12.6200	-12.8279	36.9980	0.5330
-18.3300	-20.9481	55.5280	10.2040
-8.0800	-9.3879	25.7110	4.7720
-11.5900	-11.9353	35.9130	1.2220
-39.4200	-40.5581	90.8540	5.4410
-14.9800	-16.3774	60.6330	3.4660
-11.4100	-11.6481	33.5430	0.9110
-6.4500	-7.0445	9.4090	4.8880
-10.2800	-12.4506	47.4220	4.6220
-8.7100	-9.0488	27.6410	0.7170
-8.7100	-9.0488	27.6410	0.7170
-8.7100	-9.0488	27.6410	0.7170
-5.4700	-5.8554	14.3120	2.8590
-21.6700	-23.6672	49.6550	15.8870
-21.6700	-23.6672	49.6550	15.8870
-21.6700	-23.6672	49.6550	15.8870
-21.6700	-23.6672	49.6550	15.8870
-17.6200	-20.4737	34.6090	19.7180
-21.2300	-23.1169	51.9650	13.6100
-21.8100	-23.7227	50.7640	15.7870
-42.3400	-42.3904	66.5120	0.3770
-4.4900	-4.6726	16.2320	0.4080
-1.8600	-1.9588	12.2990	0.4220
-40.3200	-41.3180	62.3240	1.3730
-18.3800	-18.9080	44.2170	0.9220
-11.1700	-13.3906	48.6960	7.7450
-9.6400	-11.8808	50.6050	6.5320
-5.3600	-5.9875	25.9090	3.8180
-7.0300	-8.7243	37.9850	5.3550
-5.6200	-7.3138	27.0940	5.6750
-16.2600	-16.8881	43.8150	1.1330
-16.4400	-17.2650	42.8900	1.7550
-18.3800	-18.9080	44.2170	0.9220
-13.6600	-13.7317	26.7000	0.1540
-13.6600	-13.8230	26.3060	0.4160
-13.6600	-13.7317	26.7000	0.1540
-13.6600	-13.8230	26.3060	0.4160
-4.2600	-4.6249	15.0610	2.9470
-1.3600	-1.9412	9.9720	1.0910
-3.0400	-3.1321	14.5980	0.2200
-1.2200	-1.5429	14.3320	0.8770
-13.7600	-15.3580	57.8340	8.2880
-13.5100	-14.9993	60.1670	4.3510
-16.2600	-16.8881	43.8150	1.1330
-16.2600	-16.8881	43.8150	1.1330
-18.3800	-18.9080	44.2170	0.9220
-18.3800	-18.9080	44.2170	0.9220
-18.3800	-18.9080	44.2170	0.9220
-18.3800	-18.9080	44.2170	0.9220
-18.3800	-18.9080	44.2170	0.9220
-18.3800	-18.9080	44.2170	0.9220
-3.8700	-4.3076	26.5340	0.7740
-3.8700	-4.3076	26.5340	0.7740
-41.2400	-42.7867	87.4760	6.4160
-41.2400	-42.7867	87.4760	6.4160
-4.5500	-5.6371	25.8850	2.8130
-43.4700	-44.8304	87.9650	6.6340
-8.6400	-9.8012	38.5730	4.7450
-4.4000	-4.7059	16.0320	0.4890
-4.4000	-4.7059	16.0320	0.4890
-4.5500	-5.6371	25.8850	2.8130
-4.5500	-5.4592	26.4440	2.5220
-4.5500	-5.4592	26.4440	2.5220
-13.7600	-14.4292	41.5100	2.0040
-7.4600	-7.7316	25.9670	0.5400
-3.0500	-3.2043	17.7780	0.6760
-11.3700	-12.6994	37.7600	9.3860
-16.2600	-16.8881	43.8150	1.1330
-17.4900	-17.9789	45.7500	1.2030
-26.6500	-27.0249	46.8490	0.5770
-26.6500	-27.0249	46.8490	0.5770
-29.5000	-30.5317	92.5270	1.8890
-13.8900	-15.1254	26.9080	12.5840
-27.9800	-28.0958	47.6050	0.1990
-22.6500	-23.2666	42.5880	1.4590
-5.3300	-5.4762	17.4020	0.3090
-10.8000	-11.0398	30.9400	0.5720
-17.4900	-17.9789	45.7500	1.2030
-17.4900	-17.9789	45.7500	1.2030
-14.4600	-14.5975	35.5360	0.2440
-8.4200	-9.2004	25.5720	1.2560
-17.6500	-18.5683	37.2280	2.0840
-40.9400	-41.7652	88.9080	1.7120
-2.3300	-3.7181	0.0000	4.9260
-1.6900	-2.0008	13.3850	1.4250
-6.7200	-8.0328	23.2080	10.6430
-19.5000	-19.8788	30.5730	11.0030
-11.1700	-13.0041	50.6130	6.4490
-11.1700	-12.9768	50.7610	6.3570
-19.3900	-20.8481	61.5710	7.5770
-7.3000	-7.3789	21.6220	0.2340
-17.0000	-18.1946	58.9060	10.8970
-0.9100	-1.2718	9.9250	1.0500
-22.1400	-22.9469	54.4030	2.0890
-22.1400	-22.9469	54.4030	2.0890
-7.4700	-7.6101	15.4660	0.2950
-3.5300	-3.9507	23.3000	1.5340
-8.4200	-9.2004	25.5720	1.2560
-7.3400	-7.4392	19.6460	0.1850
-36.7400	-38.0575	80.4510	3.4040
-10.4300	-10.7373	25.0330	1.2380
-18.6300	-20.1399	58.0280	9.0380
-2.2600	-3.3655	16.5120	4.1060
-4.8200	-5.3450	22.6520	1.4950
-22.5800	-23.0083	38.8080	0.6130
-3.8700	-4.3111	26.6210	0.7290
-3.8700	-4.3111	26.6210	0.7290
-11.3900	-12.3777	34.3240	3.9890
-19.8100	-20.1048	35.0250	0.4880
-19.8100	-20.1048	35.0250	0.4880
-7.5100	-10.0177	36.5320	10.5240
-12.9400	-14.9279	54.0910	6.7050
-4.2100	-5.1010	21.6470	5.7550
-3.5100	-4.1012	16.3050	1.5780
-3.5100	-4.1012	16.3050	1.5780
-16.4400	-17.2650	42.8900	1.7550
-18.3800	-18.9080	44.2170	0.9220
-11.1700	-13.3906	48.6960	7.7450
-13.1100	-13.8119	38.7010	1.8010
-13.1100	-13.8119	38.7010	1.8010
-12.0000	-12.4417	27.3220	0.8520
-11.6900	-13.9881	43.1790	11.4350
-5.9500	-6.7981	29.4010	4.5000
-2.3900	-2.8224	16.5560	2.5820
-4.2100	-4.8188	20.8690	1.1460
-5.0700	-6.0141	21.6820	8.9630
-5.0700	-6.0141	21.6820	8.9630
-3.3500	-4.4528	21.5180	5.3330
-3.3500	-4.4528	21.5180	5.3330
-13.6600	-13.7962	26.3570	0.4090
-11.8800	-12.4665	25.0580	1.2240
-13.6600	-13.7962	26.3570	0.4090
-11.8800	-12.4665	25.0580	1.2240
-9.8000	-10.3858	27.6030	1.3990
-8.0900	-8.5591	30.9100	1.7780
-8.0900	-8.5591	30.9100	1.7780
-30.2800	-31.0810	73.7590	2.6340
-30.2800	-31.0810	73.7590	2.6340
-11.1700	-13.3997	49.3100	7.2650
-11.7400	-13.7013	49.4650	6.5540
-3.2700	-3.8209	13.6910	4.1140
-4.2600	-4.4859	17.7250	1.4470
-4.2600	-4.4859	17.7250	1.4470
-19.8800	-21.6174	60.2750	6.0280
-18.6300	-20.1625	59.3820	10.0910
-20.2400	-20.2761	31.8710	0.0670
-20.2400	-20.2766	32.8550	0.0730
-20.2400	-20.2766	32.8550	0.0730
-20.2400	-20.2771	33.8640	0.0720
-20.2400	-20.2771	33.8640	0.0720
-20.2400	-20.2782	34.8550	0.0760
-25.2600	-26.5450	49.1590	13.3750
-25.2600	-26.5450	49.1590	13.3750
-24.8800	-26.0366	64.2100	4.1950
-24.8800	-26.0421	64.1240	4.2670
-20.2400	-20.2771	33.8640	0.0720
-4.8300	-4.8709	14.8150	0.1010
-20.6100	-21.2368	28.2990	0.8740
-5.9100	-6.2513	15.0950	0.4550
-20.5600	-21.1257	28.5160	0.7520
-15.9600	-17.3570	61.7830	3.4410
-17.4300	-18.5867	62.1460	3.2290
-16.6000	-17.7570	61.3170	3.8510
-16.6900	-18.0729	61.6760	3.4450
-15.8500	-16.8468	61.1210	4.0540
-6.2100	-6.6756	21.4900	0.8110
-6.2100	-6.6756	21.4900	0.8110
-13.1600	-13.8614	40.8360	1.7420
-13.1100	-13.8119	38.7010	1.8010
-13.1100	-13.8119	38.7010	1.8010
-13.1100	-13.8119	38.7010	1.8010
-13.1100	-13.8119	38.7010	1.8010
-13.1100	-13.8119	38.7010	1.8010
-7.7500	-8.6391	30.3040	2.0740
-2.6000	-2.6932	13.4730	0.2700
-23.0500	-23.9600	52.7600	1.6790
-13.1100	-13.8119	38.7010	1.8010
-14.8900	-15.3155	42.2830	0.9280
-13.1100	-13.8119	38.7010	1.8010
-16.8800	-17.7041	44.2470	2.1210
-3.3900	-3.5442	11.5150	0.2500
-13.5100	-14.1456	31.8200	1.2650
-0.5500	-1.3334	12.3720	1.3410
-21.5200	-21.9083	42.8970	0.5700
-29.9500	-30.4059	48.7260	0.6390
-16.2600	-16.8881	43.8150	1.1330
-16.2600	-16.8881	43.8150	1.1330
-40.9400	-41.7652	88.9080	1.7120
-16.2600	-16.8881	43.8150	1.1330
-10.9400	-11.3295	34.3320	0.8670
-6.4400	-8.0086	34.5830	5.1540
-11.1700	-13.3906	48.6960	7.7450
-16.0400	-16.7417	50.2120	1.5720
-10.4600	-11.3998	38.1620	2.7640
-5.6500	-6.2042	20.8360	1.0960
-7.6500	-7.8184	20.3710	0.3280
-4.3500	-4.7721	15.8060	0.6050
-5.0200	-5.2638	18.1230	2.2960
-48.6800	-49.1558	62.4940	0.7620
-49.5500	-50.3811	73.2120	5.0590
-11.0600	-11.9165	39.3670	2.7360
-13.1100	-13.8119	38.7010	1.8010
-4.9100	-5.1741	14.9220	1.3760
-2.1500	-3.4296	14.4350	4.1280
-15.9100	-17.7622	57.7750	6.1830
-4.7800	-5.2549	14.5040	0.7570
-9.1500	-9.7738	26.4480	1.3690
-11.1200	-11.4686	26.4050	0.9580
-24.5600	-26.9820	77.1520	10.1430
-27.2300	-27.9335	67.6990	4.7940
-23.9300	-25.2890	63.9250	3.4940
-10.7900	-13.1413	43.5040	12.0880
-48.6800	-49.1558	62.4940	0.7620
-48.6800	-49.1558	62.4940	0.7620
-48.6800	-49.1558	62.4940	0.7620
-48.6800	-49.1558	62.4940	0.7620
-48.6800	-49.1558	62.4940	0.7620
-7.5200	-7.6102	21.5630	0.2380
-8.3400	-8.4648	21.5800	0.2110
-9.3000	-9.3592	21.7500	0.1310
-3.3700	-3.5923	16.5720	0.7930
-2.7000	-3.1075	11.0510	1.2470
-9.1900	-9.2772	31.5090	0.2880
-5.7300	-5.9212	20.2930	0.3590
-2.7000	-2.9444	16.4190	0.9170
-10.2300	-10.4077	23.2190	0.4690
-15.6200	-16.9411	46.3730	5.4660
-8.7600	-8.8831	21.4980	0.2580
-19.0800	-21.0444	62.7050	8.0960
-17.6000	-19.7453	61.1090	8.8820
-19.0800	-21.0444	62.7050	8.0960
-18.4900	-20.5555	62.7040	8.5140
-16.6300	-19.6380	58.2960	9.5990
-15.7100	-17.6282	57.2260	7.7180
-13.2900	-14.1593	36.1980	2.0860
-24.4900	-25.2925	54.0890	1.5080
-15.5500	-15.6731	35.4730	0.2930
-36.7400	-38.0575	80.4510	3.4040
-36.7400	-38.0575	80.4510	3.4040
-43.8600	-44.2281	74.3960	4.0010
-17.7700	-18.4138	42.7070	1.2900
-22.4000	-24.7342	53.3010	13.8290
-9.2000	-11.2881	36.2060	14.6060
-2.4200	-3.4459	11.4820	3.6450
-1.7800	-2.5765	11.9670	3.1780
-9.0300	-9.4214	25.1380	1.0880
-23.5600	-24.6000	69.9770	3.6610
-8.7500	-8.9332	28.2850	0.3780
-2.4900	-3.7814	17.1010	4.5470
-5.9100	-6.7947	23.7510	1.1410
-18.9100	-19.0808	39.3240	0.3690
-16.0400	-16.7751	54.3790	2.1520
-4.9300	-5.1604	15.9940	0.5840
-4.9300	-5.1604	15.9940	0.5840
-4.9300	-5.1604	15.9940	0.5840
-7.6100	-7.9054	20.7900	0.6900
-4.9300	-5.1604	15.9940	0.5840
-12.2900	-12.8910	31.5780	1.2490
-12.0500	-12.1501	21.6800	0.1610
-4.0300	-4.6141	25.6570	1.8590
-26.2700	-27.7984	78.0610	6.2100
-12.8100	-14.7334	50.5250	6.4360
-11.1700	-13.3906	48.6960	7.7450
-10.9600	-14.1379	37.4070	16.0720
-11.8000	-13.9041	39.6170	9.7280
-28.4700	-28.5755	45.5840	0.2090
-27.7700	-28.2212	54.6320	0.6860
-19.3200	-19.8571	41.9840	1.1030
-5.3000	-5.4856	19.3000	0.3690
-10.4600	-11.3998	38.1620	2.7640
-10.4600	-11.3998	38.1620	2.7640
-13.1100	-13.8119	38.7010	1.8010
-10.4600	-11.3998	38.1620	2.7640
-2.2100	-2.9802	12.0990	3.5610
-1.8100	-2.5104	13.9490	2.4390
-8.5500	-8.9799	31.1740	0.9700
-8.4400	-8.8761	31.2300	0.9350
-8.4400	-8.8761	31.2300	0.9350
-10.7900	-13.1413	43.5040	12.0880
-21.6700	-23.6672	49.6550	15.8870
-16.4400	-17.2650	42.8900	1.7550
-16.4400	-17.2650	42.8900	1.7550
-16.4400	-17.2650	42.8900	1.7550
-21.6700	-23.6672	49.6550	15.8870
-7.6400	-8.8502	22.8160	5.1320
-11.1700	-13.3906	48.6960	7.7450
-10.6800	-13.2252	42.7870	15.0470
-11.1700	-13.3906	48.6960	7.7450
-9.5800	-11.1730	30.8580	10.5480
-7.7600	-8.6718	25.6800	5.4700
-13.2700	-14.2944	44.6350	2.4970
-8.5100	-9.1182	20.8640	1.2790
-26.9600	-27.0936	45.3930	0.3690
-7.6400	-8.8502	22.8160	5.1320
-13.1100	-13.8119	38.7010	1.8010
-12.9700	-14.0434	44.4820	2.6080
-12.5300	-13.6362	43.4080	3.4210
-11.4800	-12.7218	41.9830	4.3690
-12.4200	-13.5095	44.3580	2.7160
-10.8600	-12.0441	43.5100	3.2410
-8.7900	-10.2385	38.7670	4.9090
-14.0700	-15.1451	44.1980	2.8180
-13.9600	-15.0576	43.2080	3.6120
-13.6700	-14.7641	43.9910	3.0260
-13.5600	-14.6416	44.3430	2.6980
-12.8600	-13.9337	44.5290	2.5720
-12.8200	-14.7739	27.9370	10.7000
-9.8500	-9.9854	23.5090	0.2520
-9.9100	-10.0873	22.4220	0.2990
-6.0500	-6.1507	17.6750	0.1660
-5.3700	-5.9565	14.7830	8.0590
-5.3700	-5.9565	14.7830	8.0590
-5.3700	-5.9565	14.7830	8.0590
-5.3700	-5.9565	14.7830	8.0590
-7.5600	-7.6399	18.7020	0.1550
-0.5900	-1.0263	10.5710	1.7910
-19.3900	-20.8481	61.5710	7.5770
-19.3900	-20.8481	61.5710	7.5770
-18.0300	-19.2693	49.3510	7.3600
-1.9100	-2.3966	17.6910	1.2540
-26.9600	-27.0936	45.3930	0.3690
-3.3400	-3.4321	13.2310	0.4750
-15.8000	-15.9711	27.3790	0.3220
-2.6900	-3.0934	10.0720	1.2340
-5.7100	-7.1056	31.6810	6.6810
-7.5200	-7.5837	16.7320	0.1460
-7.4700	-7.5349	15.7580	0.1290
-4.0800	-4.2576	15.0310	0.6200
-8.0100	-8.4482	22.5300	0.7370
-9.1500	-9.4920	23.0480	0.4830
-9.1500	-9.4920	23.0480	0.4830
-9.1500	-9.4920	23.0480	0.4830
-9.1500	-9.4920	23.0480	0.4830
-6.7200	-7.6471	22.6650	2.2380
-17.0200	-19.1241	46.9590	12.2340
-6.3200	-7.0714	29.2200	2.8140
-3.4200	-4.0880	16.6560	4.4230
-8.0400	-8.3880	23.8600	0.6140
-5.1300	-5.2831	15.4740	0.2650
-14.2100	-15.1665	49.4040	2.6690
-10.4300	-12.0948	44.8840	5.5240
-10.3300	-11.4102	47.7940	3.7490
-9.5500	-11.4890	38.1960	9.6260
-10.3300	-11.4195	47.5300	3.9230
-9.2700	-11.6498	38.8030	9.6200
-12.8800	-14.3378	46.6760	4.4980
-10.6000	-12.3087	44.0850	5.2930
-8.2800	-9.8902	45.1120	5.4850
-9.6100	-11.4397	44.9280	5.7040
-10.8600	-12.0015	47.9300	3.6880
-12.7900	-13.8503	49.6870	2.3750
-12.2700	-13.6712	42.4880	7.5500
-12.0200	-13.6304	43.9680	5.4630
-8.6000	-9.9038	35.3570	12.4890
-14.3700	-15.4755	49.3520	2.5530
-10.6300	-12.2902	44.6530	5.7320
-11.3500	-12.5545	49.1740	2.6510
-12.8800	-13.9222	49.5170	2.5070
-10.5500	-12.1930	44.2880	5.9870
-12.8800	-14.0215	48.0600	3.3710
-10.6000	-12.3069	44.0230	5.3140
-10.6300	-12.1352	47.1710	4.0950
-11.7900	-13.1227	48.7960	2.8830
-10.2400	-11.6079	46.5260	4.5960
-10.2100	-12.1881	44.6240	4.8540
-12.6700	-13.5606	48.3760	3.5190
-13.6000	-14.6482	47.4140	3.8690
-16.2400	-17.1248	51.4440	2.1440
-8.3900	-10.4999	41.2870	7.0940
-10.5800	-11.7653	46.0830	5.1070
-9.2700	-10.6925	39.0170	9.4160
-18.5300	-22.1117	64.3000	11.1300
-18.6500	-22.6543	62.8120	11.4120
-18.9900	-22.2963	64.0930	10.5170
-18.6800	-22.0043	64.2390	10.5030
-20.3800	-23.5345	65.7740	9.5230
-11.8600	-13.4025	47.2680	6.9810
-11.5800	-13.1467	46.9710	7.1950
-15.3200	-16.4626	49.1730	3.3380
-13.7800	-14.9743	48.9210	3.4510
-12.1600	-12.7518	36.4640	2.4700
-12.3200	-13.7381	47.6760	4.1310
-13.1500	-13.5178	37.8900	1.4310
-13.7800	-14.9737	48.5120	3.7250
-11.3600	-12.4831	49.4460	2.5090
-12.2900	-13.3995	49.1520	2.6980
-12.8400	-13.8625	49.2840	2.6610
-12.6900	-13.6356	49.7910	2.3490
-10.8400	-12.0501	47.7430	3.5900
-12.6200	-13.6234	47.6230	3.6640
-11.9800	-12.9407	49.4100	2.5940
-12.6000	-13.8439	50.3380	2.5960
-11.7500	-12.9575	46.3160	4.8100
-12.2000	-13.1577	49.7580	2.3340
-10.9500	-11.9633	49.2230	2.6890
-12.2600	-13.5737	48.7920	4.1900
-12.2600	-13.5152	50.2020	3.3040
-14.0100	-15.1097	50.8500	2.2800
-11.7500	-12.9645	46.1060	4.9090
-12.6900	-13.6295	50.0540	2.1690
-8.4900	-10.0200	45.1700	5.2800
-20.6300	-23.8871	66.0620	9.5450
-20.1700	-23.6774	71.6260	16.8920
-15.9100	-18.8832	60.6850	9.7260
-19.1100	-22.9701	77.2250	11.3780
-15.5500	-17.9000	76.2780	7.2610
-18.8200	-20.8899	85.9130	7.3070
-19.0300	-21.5727	75.6510	11.3590
-20.7100	-23.3088	75.9260	10.6230
-18.3300	-22.0177	73.6960	14.4310
-13.1000	-16.2113	60.8220	7.9030
-12.9300	-15.9575	60.9570	7.8490
-26.7800	-30.3353	56.9530	21.0170
-26.7800	-30.3409	56.7450	21.1920
-25.2500	-29.1159	56.2220	21.9250
-30.6800	-31.8627	77.4800	8.0230
-27.3500	-30.0482	64.7370	16.6920
-27.3000	-29.9699	63.4000	16.5870
-28.6600	-31.3433	65.1830	15.9530
-8.2800	-10.4195	48.9470	10.2240
-8.2800	-10.6971	42.8970	13.7350
-6.1800	-9.2795	49.5390	14.3810
-7.5600	-9.7314	45.6430	12.4190
-8.0900	-11.1179	40.9750	17.0650
-5.9700	-9.2345	44.3210	13.1460
-8.2700	-11.6291	44.0750	17.0220
-8.4700	-11.7234	41.6820	16.3010
-11.3600	-13.8171	55.9960	10.5260
-6.5800	-10.0031	41.6570	12.6880
-6.0800	-9.9335	37.5990	14.6680
-7.3000	-9.6891	44.9760	12.2240
-6.4700	-9.9703	36.7280	15.3700
-7.4300	-9.7925	50.1290	9.3330
-6.2000	-10.0608	47.5150	12.7040
-8.4700	-11.7234	41.6820	16.3010
-6.8800	-9.7781	40.3860	13.8990
-8.9100	-12.0133	45.2110	10.8270
-7.8300	-9.0412	42.7640	3.0620
-5.8800	-7.6357	36.2510	6.5280
-5.2400	-6.9896	37.1870	6.0860
-6.7800	-8.0411	40.6410	4.6020
-6.0900	-7.1225	40.3850	4.5630
-8.2000	-9.1288	42.0640	3.7020
-10.2000	-11.0940	38.4520	3.5680
-5.2400	-7.0117	37.2670	6.1070
-5.7400	-7.4847	39.8910	4.4490
-6.1700	-7.6693	36.7260	4.9840
-5.2400	-7.6039	31.6380	6.9740
-7.8200	-9.1998	38.1920	3.7530
-5.8300	-7.7203	33.9510	5.9520
-5.8300	-8.0473	31.9740	6.7460
-5.6400	-6.9688	36.7570	3.4550
-5.0100	-6.8694	40.4340	4.0440
-7.6300	-9.5304	33.3620	9.6290
-8.2600	-9.4483	35.2740	5.6660
-9.5600	-10.7188	33.7580	6.8900
-7.9700	-10.1511	35.1150	5.6890
-4.1600	-6.0862	34.6540	4.9080
-9.9000	-11.4882	35.4110	5.7900
-11.3500	-13.3870	41.0460	4.2080
-9.0200	-10.7582	32.4980	8.4800
-3.7300	-6.2240	31.1810	8.0880
-5.9800	-7.8763	35.4820	5.7800
-3.1200	-5.5302	31.2000	7.6010
-12.8000	-17.1169	57.9210	19.5900
-4.2700	-5.6822	29.7970	7.7680
-8.6900	-9.8149	38.1300	4.9990
-7.0700	-8.6508	30.9360	9.0050
-6.2300	-8.1919	33.8000	6.8400
-5.7400	-6.7965	35.4280	6.0320
-4.8600	-6.9078	35.8380	5.1520
-1.8000	-4.5984	30.9800	7.6920
-6.7600	-8.9429	26.4360	10.2880
-8.1100	-9.5037	34.8790	5.7800
-6.2300	-8.5745	38.6880	5.3650
-7.0000	-8.9674	35.9630	4.1120
-8.0900	-9.1932	38.4460	2.8870
-6.6700	-8.5199	32.4860	5.8790
-10.7200	-13.0802	32.8540	8.6410
-8.2800	-10.1406	27.1690	12.2770
-12.2600	-14.2688	33.1960	10.0730
-11.6600	-13.7969	36.0080	7.6510
-10.6700	-12.2710	30.7990	11.7980
-6.6300	-9.7905	28.1330	11.3200
-11.0400	-13.2207	33.7750	8.4810
-8.1000	-10.7701	32.2610	9.6370
-9.9200	-12.3708	33.4310	7.8660
-11.6900	-13.7761	33.8240	8.8010
-8.8900	-9.9197	35.2710	4.8400
-9.7800	-10.8584	34.3920	4.7440
-6.5600	-8.1807	30.3950	7.6260
-9.8400	-10.9669	35.1330	4.6450
-10.0100	-11.7019	32.4420	6.7090
-7.6900	-9.0591	35.5120	4.5870
-9.6200	-10.7198	34.3750	4.7980
-8.9300	-10.4376	35.4200	4.4220
-7.9300	-9.3104	36.3050	4.0180
-7.9300	-9.3364	35.9690	4.2510
-8.1800	-9.7637	31.9920	6.5420
-7.9300	-9.3649	35.4690	4.5500
-9.6700	-10.8232	38.5800	2.5590
-9.7000	-10.6164	39.1070	2.2800
-8.7100	-10.1532	34.6390	5.4410
-9.3000	-10.4522	35.5460	4.5600
-9.3000	-10.7605	30.6140	7.1230
-9.3300	-10.7867	31.2320	6.5890
-11.2300	-12.3020	34.5670	4.6560
-10.2500	-11.6370	33.7840	5.0300
-8.8200	-10.7380	31.0660	6.5140
-10.5500	-11.5994	36.6930	3.9660
-8.3200	-9.8027	34.0100	5.4750
-9.4900	-10.8189	30.6940	6.5590
-5.1800	-6.8949	33.0640	5.9920
-5.3700	-7.5352	26.4120	9.3880
-6.5100	-8.9491	31.1960	6.8260
-7.0600	-8.2407	35.2550	4.8240
-7.9300	-9.5966	35.0720	4.7860
-9.4600	-10.5923	36.0140	4.2840
-8.0600	-9.6787	35.0640	4.7760
-10.3700	-11.2915	38.1660	2.8380
-9.0800	-10.0778	36.6220	3.8320
-8.3100	-9.4956	34.8170	4.7450
-8.0100	-9.1854	36.2770	4.0410
-9.5300	-10.6900	34.4370	4.9610
-7.9800	-10.7153	38.6360	12.7980
-9.6500	-11.6845	41.1410	10.9150
-12.1200	-13.4430	55.8190	4.2210
-8.2700	-10.8038	43.3280	12.0290
-10.1900	-12.0087	44.8650	10.6570
-9.5500	-11.7036	45.0350	8.9210
-8.8900	-10.5989	49.8680	7.6560
-10.0000	-12.1584	52.5840	5.3590
-9.5800	-12.2300	49.6940	6.9310
-7.8200	-10.5434	47.7820	8.1830
-8.2400	-10.8993	49.4410	7.1010
-8.2400	-10.7581	49.3170	7.2010
-9.3100	-11.9615	49.6430	6.9400
-7.8400	-10.8551	43.6620	11.7460
-21.0000	-23.5520	78.9430	12.9250
-21.1800	-23.9338	81.3330	11.3420
-22.7700	-25.7590	79.7670	12.3460
-20.6100	-23.0826	84.5340	9.1760
-23.3200	-26.2412	79.6430	12.3770
-21.7400	-24.3345	85.1460	8.7820
-23.3000	-26.7249	77.3370	13.9020
-10.1300	-12.6263	49.9000	8.2440
-13.8400	-15.8938	55.8850	5.2070
-26.7800	-28.4905	56.0800	14.3170
-24.4700	-26.6952	66.7200	6.1510
-19.6100	-21.6076	60.9400	6.6130
-27.1200	-28.7947	65.8370	7.0670
-17.7600	-19.8201	58.5300	8.1420
-17.8900	-20.3857	50.9250	15.4850
-17.3400	-19.2865	61.6130	8.7240
-27.9800	-29.5630	57.5840	12.1870
-27.2300	-28.9697	55.9730	14.5070
-29.3400	-31.7953	59.9060	15.8830
-25.5300	-27.0096	58.7360	13.5260
-29.3400	-30.3132	68.8280	5.9180
-19.3000	-21.4656	48.0990	14.8490
-31.0500	-32.3998	69.8170	4.9960
-29.4300	-31.2358	55.9640	13.9650
-25.5200	-27.7651	61.7010	8.9230
-30.3900	-32.1016	71.4090	3.7450
-28.2200	-28.8548	69.3860	3.6330
-21.6100	-23.0468	56.6580	8.5550
-28.2400	-29.6702	64.0510	9.4960
-21.5100	-23.5722	63.3840	8.2930
-29.9700	-31.3009	65.1720	9.3720
-21.7400	-23.6420	55.5330	10.4800
-27.7700	-29.0779	65.3700	6.1720
-19.8000	-21.9427	73.6180	10.5660
-31.1900	-32.3557	68.2030	5.9280
-21.9600	-25.6032	62.5030	14.9330
-21.5500	-23.9857	72.4840	14.4810
-16.6600	-19.5962	72.6760	15.2880
-26.5100	-27.8742	78.3200	8.4100
-25.0800	-27.4901	58.1160	16.5020
-25.0800	-27.4900	57.3420	16.4100
-19.7000	-21.3410	77.5940	4.2060
-31.9400	-34.6324	58.9860	17.6210
-21.9500	-24.1499	81.9900	6.6850
-21.7400	-24.0941	84.4760	8.9140
-16.9400	-19.6805	68.0010	14.2440
-20.6600	-22.3130	80.9090	5.1040
-8.3100	-11.4399	39.5370	14.0990
-17.3100	-20.7293	75.0770	14.2860
-18.2100	-20.5030	58.2010	10.2400
-17.1300	-18.6539	64.9110	7.2810
-19.8200	-22.2317	62.6030	12.9160
-29.9300	-32.4931	63.5880	16.0490
-19.4000	-20.8573	73.4920	4.0490
-13.4800	-16.8890	67.7490	17.9830
-25.7200	-27.8058	78.7460	11.8100
-32.6500	-34.1485	74.0540	8.7980
-30.1800	-32.5319	67.6430	14.6580
-16.2000	-18.3328	70.0940	4.8640
-16.7300	-18.4511	71.5450	5.3670
-20.0700	-22.4454	73.5980	5.4310
-13.5600	-15.7315	63.1620	11.1040
-32.0000	-33.6937	74.1160	7.3100
-15.5300	-17.0176	73.8390	4.6710
-16.0800	-17.7466	69.0640	4.5050
-15.7500	-17.2336	74.0240	5.4920
-18.4200	-20.4277	70.4340	5.0910
-14.7600	-16.2492	75.5180	4.3540
-31.4500	-33.8914	66.3580	14.8030
-31.4600	-33.1716	80.9060	7.8010
-35.8500	-37.5744	74.8330	14.1520
-30.5800	-33.0645	66.4460	14.7120
-22.1000	-24.9584	63.6910	15.3050
-14.4200	-18.0507	67.8750	15.3620
-24.9100	-27.2498	63.3630	15.5100
-28.7200	-30.6020	74.2780	15.5350
-16.4000	-19.3713	43.7200	21.2440
-19.5700	-21.9327	63.5250	14.0480
-18.9400	-21.1452	63.6810	14.4640
-17.6200	-19.4213	67.4140	5.9130
-17.6200	-19.4213	67.4140	5.9130
-28.9300	-32.2662	66.2290	16.3410
-28.2100	-30.1317	57.8540	15.3390
-20.2200	-22.1939	58.6790	8.7410
-18.2800	-19.7623	67.9130	5.8110
-18.2800	-19.7623	67.9130	5.8110
-19.2500	-20.7617	69.0640	5.7140
-20.0600	-21.4990	68.6050	5.3880
-20.0600	-21.4990	68.6050	5.3880
-23.8000	-26.4239	81.1860	7.7360
-21.8900	-25.5508	75.0560	14.9100
-27.9500	-30.6251	73.6200	9.8650
-23.8000	-27.3031	65.4870	13.0360
-23.8000	-27.3031	65.4870	13.0360
-19.8400	-21.9182	85.6620	7.5440
-17.8400	-19.8387	70.0350	7.0130
-18.0300	-19.6977	65.9500	11.0650
-17.8700	-21.7455	43.6590	22.5080
-65.2000	-72.8372	215.1980	27.1650
-60.2000	-68.6378	214.2540	30.3210
-77.9400	-88.5404	204.1830	54.6850
-102.6900	-111.7222	200.7880	65.2620
-112.2900	-122.7451	234.1910	62.2290
-95.7700	-105.4811	204.7060	64.0460
-106.8400	-114.4974	236.8450	65.1240
-109.9300	-118.6803	263.1490	50.1630
-69.7800	-76.7806	172.3010	34.5920
-61.3100	-71.8912	232.0700	48.7420
-79.1900	-89.1142	206.8090	54.3400
-98.0900	-113.4024	256.7920	77.1650
-79.3900	-88.5392	202.7740	55.8250
-134.6800	-143.9648	227.2820	63.9450
-78.1200	-87.4300	200.4650	56.8140
-105.7000	-115.1614	293.2120	45.4490
-63.9100	-77.2625	199.9410	71.7820
-129.9100	-139.9775	291.0220	69.3740
-81.1700	-89.6677	210.9890	50.6630
-83.5200	-96.0219	275.8710	63.9910
-117.0100	-132.2333	326.7410	76.4950
-81.4300	-96.0846	265.8370	83.9610
-121.0100	-132.1898	305.8400	60.3390
-84.0700	-89.3948	202.8700	22.4710
-108.2200	-122.4347	284.5700	66.4390
-68.3700	-78.5443	257.7750	52.8870
-116.8000	-128.8708	283.8420	66.8220
-91.1200	-104.2661	281.2540	74.6230
-86.1200	-97.4542	295.3380	67.4010
-144.0800	-153.6206	318.8270	54.7760
-118.6400	-130.2782	301.9240	65.9450
-82.7500	-97.8752	272.6660	74.9200
-85.5100	-97.9183	231.1490	75.0660
-72.8900	-83.5478	221.6270	42.9980
-64.3700	-79.3119	232.5000	79.5130
-73.1100	-84.4597	221.0820	73.1810
-98.0100	-108.2304	219.9710	64.3500
-135.2500	-145.3201	269.1870	81.0230
-65.8100	-79.6527	222.9460	65.7210
-118.7800	-131.3529	287.0140	79.8870
-106.2800	-114.2805	266.6360	39.0930
-67.9300	-77.5321	223.8470	50.4170
-55.3600	-68.4586	220.4180	55.9800
-92.5900	-104.9684	248.8400	83.6730
-81.5600	-94.9419	299.7060	58.7520
-50.2300	-56.5511	154.8470	24.9540
-53.0600	-65.8423	263.2700	49.7320
-50.0000	-58.7319	175.3520	41.9790
-85.8700	-99.7188	295.1690	65.9010
-85.8700	-99.5435	298.6620	65.2440
-63.5300	-77.3345	233.3730	57.3320
-71.9400	-83.1711	257.7830	41.5890
-75.6500	-87.0651	273.9930	45.5060
-70.2200	-81.7626	250.3150	45.4930
-71.3400	-82.3420	214.5420	51.7920
-96.9100	-108.6615	285.1310	55.0750
-95.9900	-107.7437	278.6260	59.0760
-69.5600	-78.7717	192.4950	47.0890
-93.6800	-106.4479	312.4740	58.7100
-93.6800	-106.4479	312.4740	58.7100
-92.6200	-105.3908	311.9190	58.9140
-114.1800	-124.6414	287.5050	53.5570
-101.8200	-116.6177	364.1110	59.9620
-97.5200	-109.8754	268.3940	59.4780
-75.5200	-86.1094	204.0400	51.9540
-72.6700	-83.6659	258.3510	44.4300
-118.9900	-129.3687	292.7960	56.3830
-89.9700	-98.7149	238.0460	50.4480
-125.9000	-136.4162	279.4500	57.6500
-106.8300	-114.9475	278.1740	49.0550
-87.4700	-97.5219	252.4870	46.6290
-80.5500	-91.2024	210.0450	55.5850
-78.8700	-88.5863	205.6820	58.3640
-114.4400	-127.6284	310.2430	67.4120
-70.9400	-82.4908	189.3930	63.0790
-65.9400	-74.1641	187.5190	38.1920
-105.5000	-114.8422	224.3080	65.6960
-107.2600	-118.2647	270.0300	52.8500
-73.2500	-84.8769	199.3430	61.1020
-76.9000	-86.6360	217.4880	54.9080
-79.6600	-89.3684	211.8790	53.5970
-83.7400	-95.5053	241.3040	71.0780
-80.5500	-91.1515	208.8870	55.9090
-80.5500	-91.1515	208.8870	55.9090
-119.2200	-129.5395	254.0640	63.2850
-117.9700	-131.4492	288.4270	71.7410
-149.3100	-161.0863	325.1800	74.8620
-161.6400	-174.6237	334.3580	93.3460
-109.7300	-121.8368	264.9150	57.0250
-78.0900	-91.3608	254.0740	62.1430
-75.5600	-85.6752	203.2740	54.8860
-112.4100	-123.1033	269.6710	69.0170
-81.1300	-93.4165	216.4740	54.7500
-109.9600	-120.0947	265.4760	65.9240
-109.9600	-121.1589	266.4340	65.7230
-74.7900	-86.9790	171.1310	83.5270
-82.7200	-94.9212	298.3770	54.5240
-65.8400	-77.6029	244.9880	50.8230
-86.4700	-96.8209	244.5650	51.8100
-56.0300	-64.3066	158.0820	54.0660
-76.2900	-85.7409	198.8040	56.1190
-112.8900	-122.2109	241.4970	68.4200
-106.8800	-115.0621	289.4320	39.1540
-72.6700	-83.8677	219.6300	53.8190
-67.5800	-78.6089	187.1600	68.4210
-63.7800	-73.0225	222.5300	44.2360
-82.3400	-89.1055	207.3650	44.4370
-75.7300	-84.7209	201.0580	53.8610
-78.4100	-88.1128	201.5760	48.1500
-78.6900	-86.8788	218.2840	42.2710
-73.0900	-83.9119	205.9380	50.3160
-72.9200	-85.1798	236.1520	52.4570
-100.9400	-109.4576	275.4130	51.6970
-74.4500	-85.0969	220.9470	43.3090
-66.3900	-75.8135	209.6230	41.7350
-65.3000	-76.3021	210.3260	61.0880
-69.9700	-80.8784	214.0520	54.2160
-75.4100	-87.0451	207.4990	65.1350
-100.9800	-113.2110	238.6540	74.0250
-75.8800	-86.7202	221.1410	54.3550
-114.3300	-122.5919	238.3240	45.0430
-53.0900	-64.3027	201.1350	46.5310
-65.7500	-77.4640	225.8600	62.2450
-91.2300	-101.4042	275.1730	60.7300
-96.2500	-106.5930	193.8650	72.1180
-111.1300	-122.0095	267.0340	63.5100
-95.0800	-105.0693	216.7680	63.9790
-80.7800	-92.2127	248.9900	55.6890
-120.2700	-131.6493	254.6970	69.6340
-84.2700	-96.7448	243.6140	76.5350
-83.2500	-94.3615	245.9820	58.6640
-156.6700	-167.7979	341.9060	78.5980
-68.3400	-78.5767	237.6150	48.4370
-68.6200	-78.8766	234.5800	49.8560
-70.9900	-80.3618	243.8530	48.7870
-69.4800	-79.3062	236.1430	49.4140
-110.1600	-121.0395	222.8230	71.4150
-111.9200	-121.9153	265.3720	57.9740
-146.8100	-158.2697	311.8540	76.4040
-121.1900	-132.4930	261.1840	68.3020
-95.1100	-103.4629	226.1140	37.7580
-112.4100	-123.1033	269.6710	69.0170
-56.6300	-66.3219	194.3190	39.7880
-65.7600	-71.3773	186.6120	19.6860
-73.8600	-86.4328	232.0730	55.0240
-91.8300	-101.8502	241.0260	51.0880
-91.2200	-101.6536	241.2810	52.6710
-104.2500	-113.0405	231.5720	56.4900
-104.2500	-113.0405	231.5720	56.4900
-91.1200	-100.1846	194.9180	81.6860
-94.6900	-104.3278	238.7810	68.4160
-88.6100	-99.8046	245.9790	54.0310
-87.6300	-96.4720	230.1980	47.4320
-92.0000	-100.7295	243.9230	44.1520
-100.1600	-110.3402	263.6180	47.9360
-106.0400	-115.4482	238.9320	62.9510
-105.8800	-115.9746	252.3710	59.6990
-121.6600	-130.5470	242.6350	66.2240
-89.7600	-100.2926	256.8970	59.1780
-86.3100	-96.1812	231.8630	48.1520
-97.3500	-108.0868	208.3390	67.7420
-77.3300	-87.9077	200.7600	56.3580
-97.6700	-108.0978	214.3160	65.5170
-117.0900	-126.2232	236.1710	60.3720
-114.4500	-126.5293	298.5150	69.3310
-104.3300	-114.5186	263.7880	54.9290
-102.8800	-112.5750	248.9010	49.4840
-117.8300	-130.2569	281.5060	58.3570
-151.4300	-159.2734	315.6690	51.4730
-85.2700	-99.4350	250.4840	70.6590
-138.1600	-151.0260	281.5490	88.1020
-49.3000	-62.9723	238.1040	66.3970
-56.4100	-67.1407	211.7800	52.0330
-65.6700	-73.4403	179.6300	37.4890
-69.1200	-84.5427	294.0090	69.7510
-65.3200	-76.2733	192.4940	65.1210
-67.0100	-80.8253	269.8790	62.4690
-67.5400	-80.5767	306.3980	62.5220
-78.3500	-85.8141	200.3460	32.5490
-138.8300	-150.4521	309.1190	67.5540
-112.0900	-120.8714	228.1940	61.9540
-43.5900	-52.9436	163.0350	38.9010
-103.5300	-110.8071	236.6590	42.4860
-104.9200	-111.9127	233.3790	45.4710
-64.9400	-79.5808	244.6040	67.5530
-92.9400	-102.5162	213.1580	55.0410
-75.7100	-83.8147	211.3790	52.2480
-72.6200	-81.9492	209.2570	52.1290
-75.0000	-84.0975	206.2140	53.0070
-74.9600	-83.7273	219.3930	44.9310
-59.2400	-65.9597	192.8730	25.4450
-144.8100	-156.0327	318.0730	74.1140
-148.2200	-158.5164	325.4070	70.6740
-41.4600	-51.6984	159.5610	41.4500
-111.1600	-119.4864	276.3280	35.9800
-75.1500	-84.9652	239.2670	43.2310
-85.6400	-94.7574	203.8860	45.7310
-69.6700	-80.1935	178.0720	60.9710
-79.6300	-89.0599	175.4290	51.8390
-78.6500	-88.5473	182.0190	50.6410
-105.9600	-114.6289	211.7740	56.4790
-91.3200	-103.7460	229.8910	73.6540
-146.7900	-159.9613	351.3920	78.3270
-102.2900	-111.6323	227.7830	58.7000
-79.6300	-89.0599	175.4290	51.8390
-91.3200	-103.7460	229.8910	73.6540
-88.8400	-101.3421	226.9260	76.2040
-81.6600	-95.6706	281.3170	69.3690
-91.3800	-100.6969	222.6610	50.3900
-94.6100	-101.0278	215.6720	46.9340
-94.5400	-101.7161	200.4330	46.4460
-112.6200	-120.8775	224.2990	51.6120
-97.8500	-105.3496	197.4170	50.5820
-105.5500	-116.7212	289.7150	60.4010
-78.0100	-92.2894	267.9620	70.2410
-92.0900	-105.5644	277.6740	67.3560
-70.4500	-82.0967	179.5960	69.5750
-71.9600	-82.2648	180.0820	67.8020
-88.8800	-101.5086	240.7870	66.3810
-119.4700	-127.4697	244.7280	54.8070
-66.3600	-76.8868	219.5150	53.8620
-63.6800	-74.8597	195.9870	59.3410
-97.6900	-106.3491	244.9570	64.3440
-76.9500	-86.4473	195.8620	60.8310
-75.3300	-85.6465	214.2320	47.2960
-88.1200	-98.6842	276.4590	34.3750
-57.5800	-70.4059	173.2800	78.3960
-87.3200	-99.3129	174.1790	91.0950
-93.4600	-106.0660	251.0510	63.6020
-124.0900	-132.2415	273.9220	35.8350
-111.4500	-124.0553	278.7610	70.8290
-56.4000	-60.7046	162.3900	15.1980
-135.6400	-150.4226	349.7090	76.2280
-119.2400	-128.8070	247.6340	52.0600
-85.5500	-93.6548	201.2690	43.9900
-97.3700	-110.5450	283.6050	58.5850
-97.3700	-110.5450	283.6050	58.5850
-98.7300	-107.4650	229.8120	53.7530
-60.8700	-67.0734	182.9500	29.1570
-64.5500	-78.3006	252.5350	74.9170
-78.2900	-86.0370	204.0480	59.5600
-97.3900	-107.4645	201.2340	70.2590
-79.9700	-90.6958	211.1670	55.0820
-101.0400	-111.0817	273.8940	57.8440
-88.6600	-98.1790	228.8870	55.9360
-80.5200	-90.2046	204.6040	55.2970
-96.9200	-106.4150	207.7850	68.5490
-68.6400	-80.7385	182.7070	67.4730
-75.0800	-85.4788	211.6450	49.4210
-78.6500	-88.7766	208.1420	58.6790
-132.6900	-141.5462	296.7090	56.0380
-86.5800	-95.9989	248.5600	54.7430
-82.5000	-92.0451	218.9630	64.7890
-84.6600	-94.4140	240.3780	60.0890
-79.8800	-90.3857	224.0520	66.6030
-65.3100	-75.9366	206.7030	57.1940
-63.9300	-75.5310	205.9600	60.7020
-62.2200	-74.0619	198.6240	66.7160
-66.9700	-76.5682	222.7900	50.3370
-101.4400	-110.8677	240.7500	52.0460
-100.2100	-108.7727	240.9360	53.1840
-81.9700	-91.5987	226.5200	46.0970
-119.7600	-130.8129	312.2960	52.7610
-107.8000	-118.4190	263.3680	54.1270
-109.1700	-118.4183	266.8070	48.4930
-128.0800	-136.7954	304.7700	42.0570
-91.1400	-100.1327	226.7510	46.5820
-98.2400	-108.5410	250.8900	51.5950
-57.2900	-69.6258	194.0210	62.6310
-110.6600	-123.9208	334.4540	68.7730
-80.9500	-91.1116	204.0110	57.9890
-42.1200	-53.8749	213.3650	58.3130
-140.9900	-151.3744	326.3820	49.1320
-77.0100	-85.3351	168.2070	59.1820
-165.8300	-175.7990	398.9660	49.9220
-72.6100	-85.8828	266.7490	66.9120
-151.5000	-161.4773	293.0890	85.4430
-99.6600	-109.7731	245.2910	49.7150
-104.9800	-115.8700	248.6870	76.9690
-84.3000	-95.9572	233.8110	51.4120
-62.3500	-77.7880	264.8260	75.2790
-54.6400	-68.6069	220.1890	70.8720
-123.2100	-132.7502	245.6070	63.8530
-94.0000	-106.7764	264.4520	59.1120
-143.7800	-155.3768	294.0550	64.8420
-67.6300	-78.8227	221.5290	63.8010
-123.2100	-132.7502	245.6070	63.8530
-123.2100	-132.7502	245.6070	63.8530
-123.2100	-132.7502	245.6070	63.8530
-123.2100	-132.7502	245.6070	63.8530
-123.2100	-132.7502	245.6070	63.8530
-122.9300	-132.4905	246.2130	63.5640
-95.8900	-108.9485	253.3040	63.8550
-88.3200	-98.6386	253.1410	62.4920
-94.2900	-107.0893	262.4090	60.1210
-122.0800	-130.2758	241.8580	60.5410
-90.1400	-105.7400	310.2290	88.3910
-94.2900	-107.0665	263.4140	59.9660
-61.9900	-77.4360	265.3860	76.2250
-72.5700	-87.9521	275.9410	68.2780
-59.8700	-73.6126	205.9940	67.4480
-62.6100	-75.4863	207.7730	71.5690
-76.5600	-81.7842	218.7770	14.4920
-121.8000	-130.7165	221.0950	73.7990
-121.8700	-131.3710	232.8430	68.9400
-121.8700	-131.3710	232.8430	68.9400
-121.8700	-131.3710	232.8430	68.9400
-65.6100	-79.2454	249.1860	52.4010
-74.0200	-89.2749	255.4280	74.7480
-67.5100	-76.4962	211.8930	44.8160
-83.3800	-94.9396	269.6490	39.1870
-80.7900	-92.0027	210.1890	55.1290
-147.8400	-159.0906	326.1390	47.8650
-67.5100	-76.4962	211.8930	44.8160
-107.1900	-119.1245	252.7970	72.3440
-79.3400	-91.3618	268.3460	72.5480
-50.0000	-58.7319	175.3520	41.9790
-71.1400	-80.4323	214.3610	37.8900
-94.4500	-108.1189	254.0330	67.4510
-89.6600	-103.3588	275.5690	73.9000
-96.3300	-103.9583	262.1720	26.6330
-65.7600	-74.7229	212.0770	43.7670
-92.9500	-103.7050	268.8100	51.6480
-79.3900	-94.2672	287.6350	71.0500
-50.3500	-56.9511	170.6710	40.7680
-60.1400	-68.4121	190.2230	41.6350
-84.7700	-95.0902	243.3870	39.2370
-54.2100	-63.3928	183.3690	43.6960
-106.0500	-117.5057	254.9720	71.6400
-104.6000	-116.2492	258.7270	69.8470
-52.5500	-59.8438	198.4880	26.6500
-94.0000	-106.7764	264.4520	59.1120
-67.5100	-76.4962	211.8930	44.8160
-117.6600	-127.4029	234.0400	70.9330
-117.6600	-127.4029	234.0400	70.9330
-118.3800	-128.0091	238.5270	68.1510
-118.3800	-128.0091	238.5270	68.1510
-126.0700	-133.8521	289.4890	31.9420
-54.0000	-62.9820	149.0280	57.0300
-70.6600	-79.2997	171.7290	71.2170
-44.2900	-53.3704	161.4140	46.6240
-108.0800	-119.6385	255.9080	79.6750
-90.1800	-99.1182	227.7020	53.7770
-83.7100	-94.9497	215.2690	61.1910
-101.3900	-111.0467	228.4980	61.7000
-80.8600	-91.2156	212.5680	54.5210
-91.4500	-102.9402	241.5360	62.3900
-79.6300	-89.4126	211.7590	51.6210
-78.8100	-87.8896	216.9610	45.4010
-92.0400	-102.9045	240.4690	58.2750
-69.7000	-80.2471	191.0830	59.2890
-85.2300	-94.6636	209.2230	51.2330
-89.8800	-99.4816	241.3800	51.1930
-80.7600	-90.8322	210.7310	56.0070
-83.1500	-91.9231	207.8610	55.5720
-77.1700	-88.4526	261.3700	52.2860
-91.8500	-101.9983	256.8000	50.9410
-109.7200	-117.3148	277.3430	40.0790
-86.4500	-96.0223	224.8890	47.9100
-77.5400	-87.1823	216.3600	52.2740
-74.8500	-86.7014	225.8950	63.5500
-83.1900	-93.7652	229.0130	44.9870
-70.7900	-81.4608	204.4290	52.0350
-95.5800	-105.6700	241.1250	53.9850
-90.9700	-100.1536	235.3030	48.4530
-58.8300	-70.1113	215.9890	42.3330
-88.2400	-97.8390	238.8180	48.7710
-95.5400	-106.9993	217.7400	69.2830
-82.0700	-92.6032	213.5210	54.9720
-115.7300	-127.3636	291.5490	63.6670
-78.2500	-87.0393	218.0630	44.3100
-82.6700	-93.0700	230.7960	49.6130
-87.6000	-96.3579	251.4590	34.0890
-83.2200	-92.5958	202.5520	52.6490
-74.9500	-84.6683	190.2590	57.8710
-93.6600	-104.5161	229.4340	60.1990
-91.9800	-103.8441	258.1880	47.0010
-79.3600	-88.8248	213.3170	47.4510
-84.8000	-96.1639	253.8660	50.4830
-114.8300	-126.5726	289.3240	63.9400
-71.1600	-81.2898	181.8610	64.6790
-99.8900	-110.3327	221.7210	65.1660
-72.1200	-82.7112	183.2580	68.5840
-72.1200	-82.7112	183.2580	68.5840
-82.3100	-93.4212	228.6640	48.6770
-78.9700	-89.2604	203.6090	55.7560
-68.4100	-76.8471	169.9170	49.5400
-69.3100	-79.1425	199.1260	53.9260
-83.2700	-93.4233	208.2170	63.8870
-81.1100	-91.1702	204.0200	61.8570
-104.4700	-113.5807	243.0410	62.2410
-74.9000	-85.5036	192.7330	60.9210
-88.9200	-98.9254	220.9230	52.3020
-116.6000	-124.6728	260.3910	46.9070
-144.5000	-154.9265	268.6730	73.9490
-119.5100	-127.8851	263.8180	42.9290
-82.8800	-91.2717	201.0680	49.5350
-106.1300	-114.1384	268.3560	41.2310
-76.6100	-84.0699	225.0750	42.3480
-122.2400	-130.2401	280.1770	30.2970
-100.8000	-109.9869	235.2340	43.2180
-121.8500	-130.4356	254.0740	55.9440
-121.8500	-130.4356	254.0740	55.9440
-119.4800	-128.2156	242.9270	61.1700
-102.5900	-113.5394	228.7160	74.6630
-68.0800	-79.0714	173.1630	65.8970
-135.1800	-146.1864	286.3220	68.5070
-62.1100	-68.7604	157.8690	49.6730
-110.5700	-118.6014	242.5950	40.1160
-78.2900	-88.9513	236.5400	40.9760
-71.6000	-81.7531	196.8650	59.7520
-84.1900	-95.2862	219.7560	68.1480
-52.8900	-67.3958	253.3290	67.8500
-79.3900	-88.5392	202.7740	55.8250
-76.4400	-86.3486	194.4070	59.5680
-104.9100	-117.9137	278.1820	70.0930
-107.2900	-117.6527	256.3340	67.6300
-70.0900	-81.9836	209.5680	60.8650
-93.6200	-103.8437	266.5670	52.0290
-79.9900	-90.5935	204.4510	59.0420
-58.2000	-65.2338	194.0410	21.8250
-69.5400	-79.8608	206.4950	53.6250
-79.4800	-89.9801	203.8110	55.3410
-80.2100	-88.9610	213.7350	52.4750
-70.8200	-80.5315	269.6590	46.6230
-100.2600	-112.6559	235.3590	72.7800
-106.7100	-119.2565	246.8640	77.1640
-45.6600	-51.4830	161.2970	26.0450
-60.5300	-69.8157	179.9350	50.9390
-63.5500	-73.6951	230.0260	39.4930
-128.2100	-139.8006	327.0680	74.0650
-101.2600	-117.0931	285.6500	101.3180
-86.6100	-99.9190	283.8760	66.3230
-38.9400	-40.7173	110.2280	7.5680
-34.0100	-37.6406	91.1220	16.6810
-31.2400	-34.4866	95.4600	17.5800
-30.6500	-35.3314	82.5710	20.6430
-27.4700	-32.2149	78.8190	22.0800
-32.0900	-35.4921	93.3390	14.4650
-39.1200	-42.4907	90.4250	19.8260
-35.3400	-37.3916	108.1680	5.5270
-33.1300	-37.5322	76.2020	24.7480
-33.1300	-37.5322	76.2020	24.7480
-59.2500	-67.4315	215.3160	31.8920
-67.8000	-76.8330	177.8750	53.3410
-54.0500	-61.1755	205.7040	28.1750
-61.9200	-68.4798	218.5810	28.1440
-77.5200	-94.8644	321.3730	98.4880
-48.9600	-61.6350	212.9130	71.8130
-102.3400	-114.9595	314.0590	79.7260
-94.9100	-108.9248	289.6840	69.2280
-103.4100	-115.9937	316.3260	67.5960
-97.4700	-111.2076	303.5330	77.5800
-97.4700	-111.2076	303.5330	77.5800
-112.7400	-123.3353	319.1750	55.9360
-64.7000	-78.2238	219.1710	74.8070
-66.6000	-79.5777	240.6760	70.4000
-91.7800	-106.9510	356.5410	66.8490
-99.2200	-118.6008	349.4380	74.4340
-115.4100	-132.1316	322.9290	94.9630
-73.3800	-82.3313	206.9300	47.9340
-77.2300	-86.1878	228.0240	48.8320
-71.0900	-80.5917	193.5400	44.9910
-55.0400	-65.1335	175.5790	52.3620
-56.8000	-65.6461	185.5890	43.8110
-71.0300	-79.6346	204.0490	42.3060
-116.4100	-132.0549	329.1230	90.2950
-113.9000	-129.1932	305.5570	88.2610
-123.2900	-136.1874	357.6270	48.8210
-101.5100	-113.1448	309.8600	50.4160
-101.2000	-115.2074	309.1860	68.0240
-105.9000	-119.8050	292.4890	77.9580
-137.6300	-150.6716	339.3970	75.2420
-83.4300	-97.2111	274.3190	64.9350
-68.8100	-76.9741	192.8640	40.5180
-60.4500	-66.4943	152.0870	36.9910
-48.0900	-55.8392	137.6590	48.4380
-68.0900	-76.4256	175.1020	39.3250
-59.6500	-69.8307	120.6910	60.1920
-81.8300	-94.3496	173.0330	90.3790
-46.3900	-53.9261	141.1480	42.6570
-107.1100	-121.8351	300.9610	87.2010
-91.4500	-105.5469	335.2130	65.7640
-80.1500	-92.0560	279.1900	57.8810
-73.3800	-85.9929	249.9950	63.0710
-78.4100	-92.4033	282.0710	59.8130
-115.6200	-130.9004	336.1050	69.4950
-96.8800	-109.5877	306.7850	61.0730
-88.6200	-100.0797	274.1110	69.2780
-99.4400	-114.6780	282.3400	86.2660
-83.4900	-95.4480	273.2410	65.8420
-88.3900	-102.4938	280.8000	66.8250
-121.6000	-136.2338	301.2040	105.3240
-115.7700	-131.2787	273.3300	98.2420
-52.7800	-61.8652	175.8550	38.9890
-51.8500	-57.4762	173.4610	22.4390
-69.2000	-76.6568	204.2850	34.1980
-52.7400	-62.1446	174.7810	49.7160
-59.9100	-68.0861	156.9140	47.0050
-76.8500	-91.3205	232.9840	79.2540
-104.0100	-115.4147	329.3120	56.3220
-105.7500	-115.4988	349.7490	40.9720
-100.2700	-113.5729	352.6950	59.8910
-100.2700	-113.5729	352.6950	59.8910
-102.5100	-116.7176	339.3430	64.5510
-99.2600	-113.1389	346.7860	63.0940
-95.7300	-109.0944	308.6360	69.8310
-40.6500	-50.7938	172.0570	66.6060
-47.2300	-60.4947	284.0220	50.6700
-46.2400	-60.8050	228.7820	61.6660
-55.0100	-58.2498	118.8630	8.4650
-30.8700	-34.3575	84.6140	22.7390
-33.1500	-36.7036	92.7670	19.9870
-32.7300	-36.4281	89.6650	19.9120
-30.9000	-36.1737	73.6610	28.9250
-33.2900	-35.8064	93.7390	18.7910
-36.2600	-38.4059	107.2630	10.3800
-29.0300	-32.4155	86.3460	23.6790
-28.3800	-32.0836	103.3400	15.2240
-48.6100	-50.1541	116.6610	4.0450
-35.1500	-38.0285	94.2200	20.0100
-39.2900	-42.3289	107.8310	7.0190
-39.3300	-42.1817	109.1420	6.0340
-34.5900	-38.9990	94.6750	20.9590
-26.3600	-29.8991	98.6260	12.7220
-32.7900	-36.0962	110.3400	11.4500
-27.3100	-31.6407	89.3690	23.2860
-31.3800	-34.9924	86.5580	25.1080
-51.1400	-53.6676	116.5720	9.0610
-59.8200	-62.6036	118.0270	6.9300
-44.0500	-47.2537	109.1510	9.1970
-45.3500	-48.3233	113.5210	7.1310
-48.1400	-50.7296	114.3020	6.5790
-30.9800	-34.2149	103.2610	11.1080
-42.8700	-47.3021	103.4590	14.9510
-33.1300	-37.5322	76.2020	24.7480
-25.1000	-28.8157	91.0450	16.4090
-29.7900	-32.2749	109.0810	6.3550
-33.5600	-36.2651	106.5410	7.6190
-33.1400	-35.7027	106.2740	8.2440
-35.2700	-37.6235	107.6020	7.3930
-28.4100	-31.1869	103.4090	9.1090
-23.7000	-27.4786	95.0570	15.2350
-30.2900	-33.2852	99.2740	13.9510
-33.4000	-35.6573	108.6680	6.4010
-33.9000	-36.9095	100.8530	12.2130
-30.2400	-33.5412	101.3400	10.8880
-29.4600	-31.7460	108.2830	6.6990
-34.0600	-36.5868	104.1150	10.1120
-24.5900	-29.2045	83.1380	23.6830
-30.2400	-33.5412	101.3400	10.8880
-34.9900	-37.4032	98.3910	14.4180
-26.0100	-29.1260	100.4090	11.3670
-26.0100	-29.1260	100.4090	11.3670
-35.8400	-38.1774	108.7200	6.4610
-27.3500	-31.7104	90.5340	17.2990
-30.8600	-33.7849	104.3840	9.0030
-30.2300	-33.1877	104.4930	8.8830
-29.2600	-32.3280	102.2950	10.9130
-27.4600	-31.4451	110.6630	14.2580
-27.1200	-31.6040	82.3140	22.6240
-29.8400	-33.0872	93.1580	14.7350
-33.0500	-36.0369	104.7530	9.6870
-30.8400	-34.4188	97.9110	13.2370
-27.1200	-31.4861	83.1630	22.6150
-29.8500	-33.5824	104.0520	9.1840
-27.6500	-31.9351	84.7670	20.5220
-26.6400	-30.8747	87.7230	19.2060
-30.8600	-34.2798	102.1910	10.1580
-27.9200	-30.9474	100.9560	11.7170
-35.8700	-38.3109	102.7240	11.2720
-30.5300	-32.9615	108.0620	6.7800
-36.0300	-38.6397	106.4790	8.2300
-36.2500	-39.0617	107.3790	7.1710
-30.5300	-32.9615	108.0620	6.7800
-24.2800	-27.4055	89.0900	18.5660
-34.0600	-36.5870	104.4930	10.4810
-34.0600	-36.5870	104.4930	10.4810
-34.0600	-36.5870	104.4930	10.4810
-34.0600	-36.5870	104.4930	10.4810
-34.0600	-36.5870	104.4930	10.4810
-28.9700	-31.4696	107.7720	7.0500
-35.0900	-37.5215	97.7960	15.0970
-26.8000	-30.3219	96.5180	13.2880
-30.1200	-33.9398	93.5340	15.8190
-24.7300	-28.3201	100.9240	11.5470
-28.1300	-30.9945	107.3480	6.9910
-32.7700	-35.5911	105.0520	9.1160
-29.3000	-32.8313	101.2950	10.7840
-28.3600	-31.7101	103.7590	9.2310
-34.0600	-36.5870	104.4930	10.4810
-33.2800	-35.6660	96.8100	15.6190
-32.4100	-36.0899	88.1110	20.5580
-34.0600	-36.5870	104.4930	10.4810
-33.6200	-36.3086	100.7360	12.7560
-32.5300	-34.7494	108.0730	6.9950
-30.4900	-34.1786	97.7280	14.0740
-31.0800	-35.4969	83.0790	23.2980
-26.7000	-30.2970	97.2880	12.9670
-28.9800	-32.3547	93.7320	14.9810
-30.6200	-34.0969	104.8270	8.6700
-27.9600	-31.2169	102.9970	10.1700
-31.6600	-34.4189	103.7980	9.8490
-27.4000	-30.5583	102.9610	10.3130
-25.2400	-28.7137	101.7570	11.4450
-29.1100	-32.9067	96.3450	14.4880
-30.4500	-33.3538	106.1420	8.0390
-21.7300	-27.3303	75.4890	26.0120
-37.2300	-39.6485	106.0560	8.8380
-25.7100	-30.5319	97.8900	20.5590
-28.5700	-32.1230	102.1590	10.3680
-34.0600	-36.5870	104.4930	10.4810
-34.0600	-36.5870	104.4930	10.4810
-34.0600	-36.5870	104.4930	10.4810
-30.0000	-33.6119	86.2540	20.8440
-28.4200	-31.7937	83.5300	24.3450
-30.0300	-32.3614	107.7830	6.9410
-30.7300	-33.5976	96.9250	14.6920
-26.8300	-31.0141	89.1030	18.2120
-27.7000	-30.5206	102.2940	10.1630
-26.3200	-29.8299	104.2180	9.5460
-25.1300	-28.6466	93.1270	16.4030
-29.7500	-33.0877	98.8350	12.9310
-22.4100	-27.1140	85.1210	21.3510
-25.8000	-30.0528	96.8050	14.3860
-32.5300	-35.1990	107.3760	7.2400
-33.1300	-37.5322	76.2020	24.7480
-41.5300	-44.2215	88.9440	8.6350
-81.3500	-90.2753	239.5400	54.5110
-128.4000	-142.5872	396.4480	62.7630
-78.9200	-88.7746	238.5710	53.0550
-88.1800	-96.3645	249.1890	45.7030
-31.4700	-33.4368	85.3300	9.3360
-29.0800	-33.0710	78.0250	33.4910
-37.8300	-42.4231	92.3700	42.6860
-144.3000	-157.6864	387.7170	73.2060
-144.3000	-157.6246	387.5180	72.2040
-54.0300	-60.1959	137.1990	21.8240
-51.0900	-55.1637	120.1790	20.0790
-51.9800	-54.3601	114.6800	22.1180
-22.1800	-25.6813	91.3100	15.6790
-19.8400	-23.9018	62.1760	30.1200
-51.9800	-54.3601	114.6800	22.1180
-55.9200	-59.7899	115.8400	20.9550
-104.5000	-112.1650	139.9900	104.8620
-35.7000	-39.1498	96.8210	17.4150
-78.7700	-83.3875	209.2990	8.5200
-78.7700	-83.3875	209.2990	8.5200
-78.7700	-83.3875	209.2990	8.5200
-78.7700	-83.3875	209.2990	8.5200
-35.7800	-39.5532	97.8260	18.1470
-33.2500	-34.6905	108.0260	4.8950
-51.0900	-55.1637	119.7170	21.2560
-51.0900	-55.1637	119.7170	21.2560
-58.0700	-68.2445	184.6640	50.1940
-22.1800	-25.6813	91.3100	15.6790
-70.7000	-76.1695	108.9730	48.7860
-91.3300	-100.3794	213.5320	53.1050
-67.0000	-71.7626	187.0610	21.3290
-31.4700	-33.4368	85.3300	9.3360
-47.6700	-53.2946	95.3240	34.7730
-48.9700	-50.7366	107.0510	10.9790
-64.7900	-70.5197	113.8390	40.1470
-44.2300	-51.9912	183.2960	30.3630
-23.5600	-26.4658	88.0460	18.7340
-43.5900	-48.8253	133.0860	18.0270
-36.2700	-38.1043	89.5740	7.4100
-73.2700	-74.3204	106.1140	41.9590
-36.9500	-39.8099	112.3720	26.7320
-48.5800	-49.7818	110.6290	3.1710
-67.0000	-71.7626	187.0610	21.3290
-114.4100	-119.6486	212.0570	34.7070
-82.5800	-90.6965	245.6950	31.6960
-40.8900	-43.8599	109.9740	22.9380
-52.9300	-57.7920	111.3730	28.5620
-52.9300	-57.7920	111.3730	28.5620
-38.2300	-42.3338	101.4190	31.4230
-50.6400	-52.9999	122.3680	19.4360
-48.9500	-51.5903	112.8650	26.2030
-51.0900	-55.1637	120.1790	20.0790
-51.0900	-55.1637	119.7170	21.2560
-51.0900	-55.1637	119.7170	21.2560
-47.8500	-51.3541	98.1250	36.4910
-50.6400	-53.3390	131.6010	8.4920
-51.2700	-54.1779	123.6500	17.5200
-51.0900	-55.1637	119.7170	21.2560
-39.5900	-43.5165	107.9010	19.9580
-39.5900	-43.4303	106.4350	20.2660
-33.5200	-39.7097	111.0870	29.1550
-57.9200	-63.5886	176.8590	24.2070
-39.5900	-43.5610	109.4900	19.7130
-39.5900	-43.4303	106.4350	20.2660
-39.5900	-43.5165	107.9010	19.9580
-39.5900	-43.5165	107.9010	19.9580
-39.5900	-43.4303	106.4350	20.2660
-39.5900	-43.5165	107.9010	19.9580
-49.6200	-57.0290	171.0500	55.2740
-103.2500	-117.1577	287.8250	71.2450
-66.4300	-77.9451	194.7530	73.7470
-73.2200	-82.0791	197.4870	50.5920
-48.4800	-52.6900	118.8070	14.1610
-35.3100	-41.0913	117.1350	22.0880
-57.1300	-60.0260	87.9300	51.5090
-26.9600	-32.3449	106.2260	33.2980
-38.8100	-43.6387	129.8390	18.5040
-53.9500	-57.3370	125.5590	17.1920
-69.6700	-73.1908	151.8450	29.2380
-39.5000	-43.1397	108.9370	18.8020
-39.7800	-43.4911	110.4410	17.7450
-39.3100	-42.9238	104.4700	20.3040
-69.1700	-69.7858	121.2240	12.9970
-21.5400	-23.8311	96.1320	8.0920
-18.7100	-22.4680	86.6950	9.5860
-21.6000	-23.7430	95.9390	8.1750
-13.5900	-18.0515	69.5000	23.2300
-117.0900	-132.4406	301.2100	87.7970
-91.9900	-106.1908	262.3990	90.5400
-139.0400	-152.3543	344.7840	66.1590
-133.9900	-148.6915	325.2530	99.2030
-139.3900	-153.0248	308.5210	87.0180
-140.3200	-154.1530	266.2370	116.5760
-19.1500	-25.1908	115.5960	29.6350
-32.6400	-37.3030	138.9800	14.6480
-26.1800	-32.2006	129.2570	26.6580
-31.4900	-39.3229	156.6950	28.9620
-30.0700	-37.2636	151.0700	20.7840
-29.9200	-36.5331	142.3010	28.8480
-42.8100	-49.1265	146.7480	26.0460
-41.1500	-46.8088	155.2220	18.2170
-17.5100	-25.1359	118.3570	23.5760
-20.1400	-25.9096	123.7080	21.0260
-15.4200	-23.6497	105.2100	30.1020
-18.4600	-24.6802	109.2780	23.8970
-16.4700	-23.6004	118.2560	25.8140
-33.1500	-40.7798	171.4320	24.3220
-35.0800	-41.9292	179.2120	19.1140
-19.5200	-29.6659	138.3880	42.8790
-40.7800	-46.7215	169.5170	26.1160
-28.5000	-36.8773	153.4360	32.4990
-54.6300	-66.0097	225.0830	46.4010
-54.5800	-64.6826	218.7580	38.4880
-55.4800	-66.5252	216.8170	47.1040
-55.9900	-65.0481	176.2140	41.0750
-56.9200	-65.7120	186.1950	35.9170
-67.0900	-79.7657	259.2340	44.8600
-69.9000	-81.3688	264.8030	44.7050
-66.1300	-80.1478	247.2500	52.5370
-69.7400	-81.2411	265.8830	44.0380
-71.6200	-84.6568	251.0920	49.0280
-66.8200	-79.3436	261.9630	43.2700
-76.2800	-87.3639	227.6980	63.0090
-16.4600	-21.5991	77.6480	21.8060
-14.6300	-19.6669	72.3130	22.2800
-14.0700	-19.3047	73.9020	22.1660
-16.0100	-21.2838	79.1950	21.2040
-16.2200	-21.0077	78.7040	20.0260
-13.7100	-18.8908	68.0670	25.1020
-17.0500	-21.7842	75.2860	22.2450
-16.9000	-22.0103	84.7500	19.4290
-16.1600	-20.5158	77.8330	23.0260
-15.0100	-20.5240	71.6060	24.9830
-16.8900	-22.1060	76.8580	23.2420
-16.4000	-21.6997	78.1890	21.9860
-13.7800	-18.8217	71.2490	24.6090
-15.6100	-20.3864	73.7060	21.9890
-13.7800	-19.4427	67.0670	25.4220
-14.7900	-19.9134	71.4570	22.7960
-16.5900	-21.2382	78.5370	20.2180
-16.3200	-21.1227	76.5820	22.3740
-16.1400	-21.1341	78.1670	20.7030
-16.6600	-21.4246	76.7940	21.0320
-26.2500	-28.9744	75.8870	14.8580
-28.8600	-31.1179	78.3960	14.1470
-27.3400	-29.8071	79.7050	13.3500
-28.9700	-31.4335	78.0690	14.4420
-22.6100	-26.7604	66.7040	20.5020
-22.4700	-25.7363	67.0990	20.6070
-26.0000	-28.7495	79.1940	13.0760
-21.0600	-24.5844	80.2200	13.1790
-24.4600	-27.4396	74.7860	15.4560
-25.8500	-28.9302	69.0290	19.9060
-26.6700	-30.1032	76.3590	14.7120
-26.5600	-29.7998	76.5440	14.4130
-27.4200	-29.5980	85.9330	9.4090
-25.2400	-28.3935	78.8640	13.1740
-22.1900	-25.5305	75.0740	16.2150
-27.0100	-29.5572	80.2650	12.5600
-61.7200	-79.8848	337.7920	88.3890
-37.7300	-43.9748	166.8220	30.9670
-32.8700	-41.5128	133.2490	52.0440
-40.0100	-46.0981	179.2000	33.1030
-39.3400	-45.9396	165.9590	36.0980
-38.6700	-45.4557	150.9560	43.1500
-40.2300	-47.1531	174.3300	27.0280
-31.5800	-39.1410	145.6270	39.6870
-32.0000	-41.4209	131.4990	44.2840
-27.8800	-35.7186	123.3230	45.8590
-40.2400	-46.7040	183.8040	31.2890
-32.0800	-35.0665	99.6930	10.2480
-84.0900	-90.2519	255.3360	28.5110
-138.2500	-142.9865	265.7250	27.4850
-34.2600	-36.5359	84.3420	12.6780
-81.6400	-89.3940	246.2670	35.9340
-41.4800	-45.0700	127.0590	18.7700
-74.6800	-86.0749	221.0340	48.8700
-75.4800	-85.3647	231.2620	43.7750
-83.0800	-94.1461	207.6040	62.0140
-74.2000	-84.3836	220.5830	51.8230
-75.9300	-85.5745	232.9550	43.3460
-72.6300	-83.7942	219.5760	47.1410
-72.5000	-81.6722	224.8330	49.2960
-131.4000	-137.0568	271.5100	26.2440
-68.6900	-78.0305	205.1990	42.8240
-66.8400	-75.3771	176.8640	55.8790
-34.8300	-37.2012	90.0690	11.3860
-65.5800	-74.1605	174.8780	53.4060
-68.0400	-77.0944	201.5170	45.2500
-57.3300	-61.6552	163.5490	27.0060
-69.9500	-78.8773	194.9660	48.7760
-58.9900	-69.9026	152.8670	62.9070
-73.5600	-82.4147	207.0320	37.9850
-71.3000	-77.4143	216.6820	34.4320
-68.8100	-78.6529	194.8390	43.8710
-68.8100	-78.6529	194.8390	43.8710
-66.9100	-76.2681	204.5370	42.9490
-68.7100	-77.2521	203.2290	41.0080
-68.0000	-77.4123	197.0380	47.5850
-66.0500	-75.5167	203.9940	38.4080
-65.7400	-75.7067	187.9240	54.9670
-67.2700	-75.9801	180.5280	55.0570
-29.1100	-31.5600	76.0920	16.7220
-25.2500	-29.2172	54.0060	27.5250
-32.0000	-34.8258	89.0650	10.4820
-20.8600	-23.4077	85.2130	9.0600
-28.6700	-31.8795	91.9190	11.3120
-31.3400	-35.6518	120.8190	20.4990
-28.6700	-31.8795	91.9190	11.3120
-28.6700	-31.8795	91.9190	11.3120
-89.6100	-98.2545	195.2130	68.1350
-90.4500	-97.2011	253.7990	28.9920
-29.3900	-32.3984	66.6930	24.0300
-70.4700	-80.1384	190.8740	49.3830
-81.3000	-89.5314	221.4590	52.1290
-34.0600	-36.5239	82.3380	16.0640
-34.0600	-36.5239	82.3380	16.0640
-22.3400	-26.1903	94.0510	12.2660
-21.7500	-24.8651	93.0000	11.7370
-34.1900	-37.3446	90.3230	10.9050
-34.1900	-37.3446	90.3230	10.9050
-97.4800	-104.5720	238.2550	40.8740
-81.3700	-90.3769	246.2400	34.3340
-86.7800	-95.1319	252.0270	29.6610
-88.9700	-97.2029	254.4080	27.9940
-81.5200	-90.3311	240.2280	37.4350
-95.4100	-101.9459	246.1050	34.7550
-82.8800	-91.5512	212.6960	59.1030
-24.9100	-28.2388	75.6750	20.1800
-47.0800	-57.9261	165.8620	52.8360
-46.8200	-57.7679	167.8640	56.2130
-89.2700	-96.6899	175.0210	79.3470
-27.1500	-31.7661	80.1270	19.4120
-74.1800	-83.6085	214.1580	39.3060
-24.7100	-28.3938	90.3730	15.3850
-25.6700	-28.8176	71.4880	20.0160
-52.4400	-61.0832	127.0870	58.2470
-25.7500	-30.4649	70.6440	27.0610
-25.7500	-30.4649	70.6440	27.0610
-87.3500	-94.4214	237.7250	31.9920
-84.9400	-91.8158	230.5440	39.5540
-26.4000	-28.7741	85.1180	12.9620
-26.8400	-30.0345	73.4360	19.3150
-33.2300	-35.9537	86.7740	12.2620
-81.0900	-89.2008	223.6300	46.6270
-89.3000	-96.0969	246.9200	33.4820
-73.1800	-80.6506	215.2480	35.7910
-63.9000	-71.6996	192.2060	39.6110
-64.2700	-71.0641	218.2300	29.5880
-57.6400	-66.3607	192.1920	45.6670
-84.0700	-94.4972	254.5700	43.1490
-81.4400	-91.7867	242.0100	52.1410
-37.0900	-40.3192	98.1910	9.5650
-73.3500	-82.1059	237.0350	39.6090
-73.0700	-81.5476	230.6640	42.7200
-84.3500	-93.1148	209.3680	52.7880
-91.3700	-99.5696	230.9850	44.1130
-55.2100	-64.7101	201.0820	38.2830
-33.0200	-35.9395	69.5350	21.6900
-32.5000	-34.0758	93.4450	5.7710
-52.7300	-62.6653	189.1420	48.8580
-73.3000	-80.9980	175.6610	72.4960
-79.4100	-87.0787	193.0210	65.2730
-79.9700	-86.5961	191.3680	64.7500
-79.4700	-85.3159	226.5760	46.3440
-78.8900	-85.5127	211.9440	57.9240
-81.9400	-87.6024	213.3300	55.4970
-75.4300	-82.9089	216.5750	51.7080
-78.9300	-86.5555	197.9560	63.0170
-104.1900	-111.4680	205.6890	50.6260
-49.7900	-52.4403	144.4170	10.9470
-40.6200	-50.5824	179.6790	56.8040
-42.6500	-51.7503	182.7940	53.0020
-56.4000	-64.3738	204.8290	39.1940
-57.4100	-65.7259	197.7440	47.0130
-104.9300	-112.2492	252.1380	45.1870
-42.6500	-51.7503	182.7940	53.0020
-112.1700	-123.0178	293.4420	55.9320
-40.9700	-43.7438	104.2990	7.9140
-38.7400	-41.8363	98.9490	9.0860
-83.1700	-90.8538	221.9030	60.0360
-84.5600	-93.3601	199.3310	61.5430
-91.4200	-100.9556	216.2300	49.3110
-36.1900	-38.7813	85.0880	15.6450
-59.3400	-63.7302	93.6190	46.9000
-78.2800	-87.1336	224.4550	45.4310
-34.8900	-38.6380	110.8650	12.5290
-30.9400	-35.0906	89.4620	15.2070
-108.9600	-115.8972	246.0560	38.7780
-111.7400	-119.3335	223.5000	62.2350
-98.1700	-105.1160	241.9650	43.7610
-27.5400	-29.6059	103.5510	5.4900
-20.2700	-23.5008	83.0260	11.5600
-90.0100	-99.7825	212.0580	65.3180
-85.5100	-94.7610	188.4270	68.5520
-88.1000	-95.6211	221.4180	50.8330
-86.6800	-96.3884	204.8640	57.3600
-85.3400	-95.7448	219.2210	52.2240
-91.0500	-98.5151	244.8770	39.8390
-96.4200	-105.0938	231.3450	46.4810
-91.8300	-100.4752	250.6030	32.9050
-77.3800	-88.2379	222.3270	47.1450
-114.1700	-130.2846	384.2620	71.2650
-91.4600	-105.0175	272.7730	83.8880
-89.5300	-104.4546	283.4040	80.6840
-33.3700	-35.5291	92.7790	17.5000
-33.7900	-35.7798	99.8030	12.7380
-33.3700	-35.5291	92.7790	17.5000
-83.7200	-90.4309	196.0940	51.9460
-85.8500	-93.3648	186.2000	57.5200
-82.3400	-88.7715	199.8860	49.5170
-76.2300	-87.1814	159.4020	84.5830
-85.3000	-91.9344	208.6660	48.3150
-68.0700	-76.8934	221.8810	33.6900
-63.6700	-73.3607	222.3080	31.9770
-49.1500	-62.7631	194.5550	59.9370
-90.9500	-98.4448	202.4740	66.1130
-80.5800	-88.7357	229.1770	47.9900
-72.7700	-80.7723	236.0700	41.4760
-82.4100	-90.7009	236.3500	39.5070
-52.3900	-59.2375	163.7240	30.4590
-69.7500	-80.2461	204.2370	64.3560
-87.4300	-95.1173	242.2050	40.6420
-75.3000	-84.6774	196.3830	64.0320
-68.7000	-77.8930	221.1370	53.5700
-74.2900	-80.7330	249.3840	32.6380
-81.1700	-89.1846	228.8430	48.5310
-80.7100	-90.0314	232.6680	45.4890
-65.1400	-73.1706	179.5740	43.4310
-78.3600	-85.5484	221.9810	33.6340
-71.5500	-78.7605	244.5730	35.2800
-77.3400	-87.0622	202.1420	60.8080
-89.5100	-97.0546	205.0460	64.7750
-29.8100	-32.8462	91.0700	17.0760
-30.9500	-33.3583	77.7810	17.1170
-80.9400	-88.7329	196.5500	67.2550
-88.3800	-95.5680	217.9050	66.4370
-78.0400	-87.5932	211.1090	67.0910
-35.9100	-38.4271	97.9910	13.4910
-125.9000	-131.7164	276.8880	21.8170
-137.5900	-143.7595	288.2780	28.2550
-152.2200	-157.1504	279.7410	22.6540
-79.9300	-88.5497	250.1990	38.9990
-89.2000	-96.1932	246.3920	43.8120
-104.7500	-111.6936	277.0040	18.1740
-100.2100	-107.3571	271.9010	21.6190
-77.1700	-85.2158	249.6660	35.8270
-86.8200	-96.9736	217.0940	52.4010
-87.1700	-95.5075	203.9120	63.2350
-33.7900	-35.6826	86.3180	11.0680
-81.7000	-88.0333	265.4090	22.4100
-23.1500	-25.5765	72.1750	18.4390
-71.1300	-80.2552	206.6330	45.7350
-30.7400	-33.6157	85.9780	13.1260
-25.8400	-28.5168	80.4240	12.0220
-75.9500	-82.8342	227.6350	25.3670
-17.1300	-19.3779	86.7060	8.4290
-82.7800	-90.7448	192.0230	65.0160
-87.8700	-95.7310	188.9290	69.2990
-90.2600	-98.3009	228.2370	46.6080
-91.0200	-99.0664	232.3230	55.4060
-100.2300	-108.3248	231.9820	53.3890
-67.5400	-76.1855	249.1540	33.1580
-88.2300	-96.6900	174.1860	79.6420
-18.1800	-20.7307	81.3690	12.5200
-28.6100	-31.9844	86.7160	18.3510
-48.1500	-52.7897	109.6660	29.6980
-80.4000	-86.4018	245.9870	25.8380
-98.7900	-106.6875	247.4040	38.0760
-96.2900	-105.0057	216.6460	58.4740
-98.0600	-107.6680	212.6900	59.7270
-37.7000	-40.1799	105.5440	6.9350
-40.9900	-43.2060	107.6590	7.2110
-78.6500	-88.5700	221.5340	56.9830
-87.5300	-95.1124	249.9500	40.3540
-53.7500	-62.9426	180.9430	46.8790
-102.3300	-110.9744	217.6370	58.1470
-70.3400	-81.2273	252.2870	42.3640
-72.4300	-82.9379	255.7340	39.0250
-58.3800	-69.5141	247.4780	34.7100
-67.8100	-77.2538	249.5540	35.6440
-67.0400	-76.1757	239.0390	36.7020
-59.9600	-70.6616	256.3300	32.5000
-70.1600	-81.1811	239.6600	41.2240
-69.0400	-78.9183	241.6480	39.8950
-67.7500	-78.6724	174.8190	67.5190
-84.7300	-92.8994	241.6050	36.7040
-26.3400	-28.7509	73.3230	17.7240
-41.9200	-44.5225	100.9830	7.4600
-44.7100	-47.2793	106.3030	6.6270
-37.2500	-39.9217	103.5920	9.1600
-124.5400	-129.4206	270.7610	16.4510
-144.0000	-148.2316	285.8240	19.9960
-145.0800	-149.3771	285.4250	20.2930
-135.3800	-141.4154	262.9770	25.2540
-29.7500	-32.2082	85.7170	11.9460
-85.0000	-93.2669	202.3110	61.0530
-86.0500	-95.0393	170.6530	75.5650
-60.8100	-69.5043	228.2640	40.7480
-28.7900	-31.5448	70.8170	21.2380
-121.3900	-136.3400	350.2090	61.3300
-118.3100	-132.5724	355.1150	58.7700
-38.7400	-41.8420	103.2830	8.8710
-38.7400	-41.8420	103.2830	8.8710
-38.7400	-41.8420	103.2830	8.8710
-38.7400	-41.8472	103.6940	8.5280
-87.9800	-95.5224	237.2540	37.8200
-62.3600	-70.1828	233.2590	41.1870
-59.6400	-66.9728	191.9010	40.3520
-60.9500	-72.3657	173.2970	67.1470
-33.2400	-35.6924	99.0810	11.0040
-37.3800	-40.7090	98.7680	12.0700
-37.3800	-40.7090	98.7680	12.0700
-34.0600	-36.5308	74.9020	20.4350
-27.0300	-31.8939	116.4270	26.4120
-51.5900	-62.1937	159.1330	64.6550
-51.8300	-61.3985	191.9550	45.3340
-81.5700	-89.1346	259.2730	25.3660
-103.3400	-111.1340	249.7190	36.1080
-115.6600	-121.6713	256.2950	35.4670
-114.4700	-119.4823	262.6990	28.4710
-34.8500	-37.8685	84.7710	12.0110
-29.7800	-32.3880	85.0820	9.5580
-91.8800	-98.8771	249.1340	30.7270
-61.3800	-69.7464	217.6410	39.2880
-61.4700	-70.7502	214.1630	40.2040
-98.9800	-107.3559	244.6180	49.6760
-71.9800	-80.6315	200.7240	44.5590
-138.6000	-144.7717	266.5670	34.6790
-28.4000	-30.5175	85.3910	9.3320
-142.6300	-147.5924	282.9710	23.2330
-93.5800	-100.4509	227.9180	24.1620
-60.9800	-71.2977	176.1740	57.4220
-78.2600	-85.5262	213.6090	30.4360
-45.0000	-46.6914	96.7090	5.2640
-102.6800	-111.0274	228.5390	46.4130
-87.6700	-95.0851	231.0040	37.9480
-61.2000	-67.4114	149.5030	32.1130
-77.3800	-88.1686	217.1010	46.7100
-83.5700	-93.0594	230.0790	45.8250
-67.6000	-76.9935	228.0310	46.6340
-67.4700	-76.1817	217.8920	52.1480
-79.6800	-86.8424	220.5780	34.5610
-84.0100	-90.2893	244.3780	20.2870
-89.4200	-96.1253	228.0720	32.1200
-96.2900	-103.0156	227.4810	41.8230
-17.1200	-20.2115	73.4450	15.8610
-33.7200	-36.1296	89.3860	9.4200
-30.2900	-33.5685	90.7140	12.8580
-31.5400	-34.2532	94.5390	10.3610
-31.1000	-33.9283	91.7680	12.1960
-81.7500	-90.4509	239.1290	32.2750
-80.7600	-89.7087	217.6080	46.2170
-32.6500	-34.7741	92.4950	6.5760
-38.3700	-40.7186	101.8040	10.0740
-82.1400	-90.3363	209.2260	53.2650
-35.4700	-38.2078	91.4880	9.6390
-33.6900	-36.4374	91.2520	9.7420
-57.6600	-67.4681	208.1270	38.3900
-58.4600	-68.1327	220.3570	30.1770
-40.5200	-43.2560	99.9760	10.7650
-93.0000	-102.1128	246.3230	64.7590
-100.0800	-109.9849	264.1620	57.4000
-100.5100	-110.3680	272.5770	51.6630
-76.3100	-87.6802	242.5410	59.0970
-72.7900	-85.8477	223.2610	77.8340
-71.5800	-83.3593	223.8620	82.3190
-111.1600	-121.0333	286.1910	53.0690
-71.1300	-81.9279	242.2170	70.7370
-72.5300	-83.1523	242.3940	71.9310
-72.5600	-84.4390	236.2390	75.3070
-81.3000	-91.7652	237.0870	72.9550
-77.9900	-90.2553	223.4890	75.5020
-77.1200	-86.2946	251.6150	63.3370
-83.5500	-97.3370	245.9570	80.7140
-121.4600	-129.1032	269.0210	48.7220
-121.4600	-129.1095	270.7060	49.1940
-88.4400	-100.1293	245.2440	70.5560
-66.3400	-80.0190	290.6150	76.5600
-66.5900	-80.5040	286.9070	79.3660
-108.1400	-119.8218	266.8210	72.0010
-87.1700	-97.0716	263.0610	54.6350
-70.7800	-82.8203	245.9450	62.1390
-70.2500	-82.6992	219.5280	76.0950
-70.7800	-82.8203	245.9450	62.1390
-71.8700	-83.2606	251.8430	59.9600
-85.6000	-97.7363	260.6450	57.9980
-49.4400	-60.1671	219.8230	50.9630
-84.9600	-96.4630	257.8290	66.8900
-82.0900	-93.9030	249.6280	61.2890
-79.6500	-89.8534	282.2300	47.9550
-79.6500	-89.8510	279.9610	47.2500
-71.8700	-83.2606	251.8430	59.9600
-78.2300	-93.4167	234.8380	92.5930
-78.2800	-93.2015	233.3720	92.6380
-80.8200	-93.7713	242.9040	87.1620
-77.6300	-90.9605	214.3770	101.4980
-78.3400	-91.1736	212.4250	74.8660
-104.0100	-116.3367	275.8290	74.4830
-104.7600	-116.9152	260.2540	80.4700
-63.3100	-76.2968	269.8690	67.3290
-64.9200	-79.1809	263.3570	72.8500
-107.1200	-119.4632	283.9550	75.6660
-112.6500	-122.6226	264.5680	72.3470
-112.6500	-122.6226	264.5680	72.3470
-112.6500	-122.6226	264.5680	72.3470
-62.5900	-74.9313	227.2430	74.4230
-62.5900	-74.9329	233.1000	72.9450
-62.6600	-75.2142	230.2590	77.1200
-89.7700	-101.6294	246.8960	76.1170
-57.5100	-70.1481	234.6360	78.9940
-54.9600	-66.5820	239.7450	71.4470
-63.3700	-74.1590	254.8860	65.5630
-98.3600	-106.6397	252.9380	72.0240
-98.3700	-106.6329	251.2900	73.1360
-91.1300	-100.7696	246.3560	71.8250
-93.5700	-103.3866	271.1400	57.0160
-93.5700	-103.3866	271.1400	57.0160
-99.4700	-107.5941	277.8860	57.8680
-91.3200	-102.5835	245.5860	71.5480
-95.6900	-105.6478	239.3790	72.2880
-91.1300	-100.7696	246.3560	71.8250
-108.5300	-118.4823	280.8650	53.1840
-72.5300	-85.1224	222.1280	79.0990
-72.5300	-85.1224	222.1280	79.0990
-73.3400	-84.0469	210.1320	82.9320
-72.5800	-84.7643	222.5630	76.8410
-72.5800	-84.7883	225.1450	77.1260
-72.5300	-85.1224	222.1280	79.0990
-71.2200	-82.1575	244.5690	67.7310
-73.1200	-82.5380	218.5670	79.5020
-107.8600	-118.9092	270.7610	52.6290
-56.6400	-70.8442	230.5630	75.9500
-82.5800	-96.4893	282.1100	82.7310
-84.0300	-96.8454	261.6110	96.4840
-81.9700	-95.1347	259.6890	90.1660
-81.9700	-95.1354	263.5880	89.8220
-84.6100	-98.1852	250.2200	97.5650
-84.6100	-98.1861	255.8090	96.3190
-82.8400	-97.7633	241.0410	100.1020
-82.8400	-97.7641	245.2920	99.3550
-83.2900	-98.0654	245.9470	98.6950
-83.3700	-97.9994	240.4580	100.5050
-106.4800	-117.2413	276.0880	52.1480
-88.2700	-100.3235	271.0230	78.8090
-97.6100	-109.2824	262.7210	83.5340
-101.7600	-112.4413	274.7220	64.3130
-90.2200	-100.6423	273.4270	52.5250
-78.8900	-89.1903	228.6530	76.1940
-99.0900	-110.7510	266.5840	66.3230
-72.4100	-84.6027	217.5970	80.3280
-72.4100	-84.5973	214.8650	80.1200
-82.0000	-92.5626	272.9540	49.0360
-77.6200	-88.1213	218.5700	79.6450
-79.5200	-89.7291	224.2950	75.0710
-73.8400	-86.2395	248.8230	63.3770
-73.4000	-86.1212	243.8530	67.3030
-73.8400	-86.2690	253.2030	62.8150
-73.8400	-86.2690	253.2030	62.8150
-82.9400	-94.0828	267.2320	52.1420
-91.9100	-104.3489	250.4670	80.1960
-73.6900	-86.1439	199.9620	85.3660
-107.2700	-117.1745	274.6360	48.6390
-94.8000	-106.7738	277.5560	66.2690
-108.8300	-118.9948	285.9700	53.3590
-99.0400	-109.6751	255.2250	71.1940
-84.7500	-95.7501	290.5570	41.4220
-81.0600	-96.2282	238.3490	86.4810
-39.1300	-47.7652	187.2240	37.5280
-34.6200	-43.6711	166.2060	39.4460
-34.6200	-43.6711	166.2060	39.4460
-42.9700	-54.9922	207.2360	48.2030
-42.9700	-54.9882	205.1050	47.7020
-81.2700	-96.5756	265.8000	79.9510
-89.9200	-99.8557	250.5680	64.6380
-86.7100	-97.8213	211.6770	79.0500
-82.7600	-93.8418	241.6220	63.8440
-82.7600	-93.8780	241.0510	65.8110
-74.1100	-86.3039	221.7350	75.0450
-90.5900	-100.1997	228.9510	78.0330
-80.5200	-90.9701	246.0050	69.3490
-95.4900	-103.9564	232.6230	76.5770
-69.6100	-82.6983	204.0400	86.1180
-106.2000	-113.0510	298.0620	31.3880
-41.3100	-52.5371	186.7620	58.8140
-41.3100	-52.5371	186.7620	58.8140
-75.9400	-87.0989	259.5540	64.5020
-73.1500	-85.6277	280.5700	51.2820
-82.8200	-94.5867	243.9600	67.8470
-80.5700	-92.4587	208.6250	90.1400
-95.5500	-108.3260	217.6630	83.0200
-99.5100	-109.5411	263.0100	56.4910
-82.0300	-93.5465	227.2750	74.8060
-80.5900	-91.9932	204.4570	84.4410
-63.9400	-75.3022	249.7100	54.9460
-66.1100	-78.4160	239.4450	68.1230
-61.8500	-74.4281	236.2290	61.0100
-67.0200	-80.0535	231.0110	69.1290
-71.2600	-81.8876	244.9200	63.8210
-73.0200	-81.6386	186.7220	56.5500
-71.7500	-81.9134	226.2690	73.0390
-85.7200	-97.5931	246.5670	80.2630
-83.7400	-95.1641	237.9210	73.3070
-87.9700	-99.2383	272.0370	62.8330
-79.0600	-91.1862	236.4310	72.8840
-79.0100	-90.9344	234.9300	73.1770
-79.0600	-91.1862	236.4310	72.8840
-79.0100	-90.9344	234.9300	73.1770
-79.0100	-90.9344	234.9300	73.1770
-79.0100	-90.9344	234.9300	73.1770
-79.0100	-90.9344	234.9300	73.1770
-79.0100	-90.9344	234.9300	73.1770
-79.9000	-91.1199	242.0870	70.5830
-79.0100	-90.9344	234.9300	73.1770
-79.0100	-90.9344	234.9300	73.1770
-78.6100	-90.3453	225.8010	76.5030
-78.0400	-90.0025	239.2460	70.0340
-108.6300	-118.0965	272.7760	59.9510
-111.7800	-123.6302	256.5240	72.9030
-90.1200	-101.4313	329.4890	58.1060
-90.1000	-101.3355	331.6080	56.6880
-90.1200	-101.4313	329.4890	58.1060
-90.1000	-101.3355	331.6080	56.6880
-58.0100	-71.4200	197.9940	81.3700
-58.0100	-71.4040	197.0120	80.0160
-59.7100	-72.4201	237.3060	64.6120
-57.5200	-70.6208	210.0800	77.8630
-116.8100	-128.5856	285.8520	77.0310
-92.5600	-103.0514	272.4060	52.4600
-87.4100	-99.2347	227.2430	74.0740
-92.5000	-102.8345	272.3210	52.2930
-89.8600	-100.7420	222.4410	78.4410
-52.2600	-67.8089	260.9370	77.0400
-46.8200	-60.1017	192.7360	74.9670
-46.8200	-60.1038	195.7610	74.6200
-72.3900	-84.4312	228.4730	83.3080
-69.8800	-81.6775	227.6570	79.1800
-70.7000	-82.7759	225.8840	78.4520
-69.8800	-81.6775	227.6570	79.1800
-68.9100	-81.0352	228.4560	78.3760
-68.0800	-81.0149	222.6940	80.4300
-69.8800	-81.6775	227.6570	79.1800
-67.0500	-80.7920	227.0500	77.9600
-73.3200	-81.9984	297.8360	43.9270
-77.6000	-87.9654	292.9260	44.9680
-76.0700	-88.6511	239.8390	83.9390
-76.0700	-88.6264	235.9050	83.1090
-75.2700	-88.2230	242.8720	80.1350
-76.0700	-88.6511	239.8390	83.9390
-75.2700	-88.2516	242.7010	81.6350
-79.2700	-90.4663	245.6870	66.8510
-18.8700	-20.6105	81.1390	13.5180
-107.2800	-117.3334	244.9270	72.2040
-79.8800	-90.3894	236.3140	74.0340
-72.6800	-83.9577	236.4100	77.4430
-81.0900	-95.0137	286.5400	51.0330
-91.3800	-101.5432	273.1370	56.2880
-56.3400	-68.6296	238.0300	44.4380
-74.0300	-87.3529	245.0140	66.3220
-70.6400	-83.0607	241.7780	72.0340
-70.6400	-83.0607	241.7780	72.0340
-70.1800	-81.7595	250.4690	65.8420
-69.9700	-81.7132	225.1900	77.7840
-67.8200	-80.1521	219.5890	81.2060
-73.4400	-85.1906	260.5730	67.4440
-74.3400	-86.9443	257.6570	62.3400
-74.3400	-86.9443	257.6570	62.3400
-88.4100	-99.6787	268.5470	66.3660
-78.3000	-93.4091	252.0650	88.4640
-100.6800	-113.0154	256.1800	79.5700
-70.9700	-82.4556	229.7460	69.9310
-91.6600	-103.5467	250.8610	68.7620
-95.6100	-105.7860	245.4250	67.5890
-58.6000	-67.1805	211.2170	54.6980
-72.5800	-83.1738	243.1220	67.5880
-72.5800	-83.1738	243.1220	67.5880
-68.9000	-79.0888	207.8630	67.2630
-79.9900	-90.4985	276.1740	57.1840
-75.4800	-86.9830	238.3230	79.5590
-63.5100	-75.2529	213.3090	65.3240
-75.4800	-86.9830	238.3230	79.5590
-76.2900	-87.3912	246.7520	74.5810
-75.4800	-86.9830	238.3230	79.5590
-61.7200	-73.7999	208.4850	66.1160
-68.5600	-78.3892	221.3880	59.9570
-87.9100	-99.1668	242.9120	73.2890
-69.8500	-80.9958	249.9730	66.4360
-70.2600	-83.5226	218.0780	82.5850
-93.4400	-104.0580	251.1000	68.6130
-63.7100	-76.2151	284.4920	74.0890
-57.2700	-70.8159	247.7560	61.4690
-91.8300	-103.2581	250.4510	64.4250
-92.7400	-102.5256	251.3430	66.8240
-102.9100	-113.3528	268.3100	55.2960
-75.5400	-86.9966	250.4550	62.7130
-95.9900	-106.8724	214.8010	84.8290
-62.5700	-76.9296	266.0930	73.6660
-96.6000	-108.6693	238.6200	77.7860
-96.6000	-108.6635	239.1390	77.4600
-95.9900	-106.8724	214.8010	84.8290
-105.2100	-122.6699	283.5850	89.0640
-66.1900	-78.9469	310.5730	56.9690
-66.1900	-78.9236	306.9820	57.6840
-62.9700	-77.8925	281.2640	72.6430
-72.9000	-86.7686	257.0140	74.5820
-73.0400	-86.1972	253.2300	73.2230
-52.2300	-67.3517	302.1610	75.6720
-50.9300	-66.9405	304.8060	66.7430
-92.4600	-104.8174	221.5140	84.8460
-92.4600	-104.8342	222.2600	86.5990
-98.2100	-107.2680	249.9180	69.6080
-95.9900	-106.8724	214.8010	84.8290
-60.6900	-72.5785	267.2680	62.4310
-66.1200	-80.1062	273.6660	77.8790
-69.6800	-82.5598	277.9540	71.0980
-71.0900	-82.4874	265.5050	69.6910
-68.5700	-81.0548	263.4620	72.9030
-95.3300	-107.5820	238.6000	76.6970
-94.8500	-105.5352	214.7580	83.6650
-95.9900	-106.8724	214.8010	84.8290
-100.2000	-110.1917	234.7000	76.8400
-77.9700	-92.5305	227.0490	77.8380
-83.5600	-94.8830	231.3930	77.6090
-78.4100	-92.6985	227.9680	75.0790
-82.1300	-96.6339	231.3630	72.1830
-78.4100	-92.7408	232.3840	74.7930
-82.1300	-96.6842	232.5930	73.0950
-78.6000	-93.2124	231.6540	75.0440
-68.4200	-78.1766	260.4260	37.2290
-68.4200	-78.1766	260.4260	37.2290
-88.3100	-99.2047	255.4210	60.1510
-91.4100	-100.6412	264.3510	58.4690
-83.7700	-96.0788	221.8220	80.1460
-104.0800	-112.5974	261.9980	66.8450
-80.5300	-93.9218	238.4840	88.6040
-83.7200	-97.2964	256.7380	80.3140
-83.9200	-95.0051	280.3360	49.2280
-51.3600	-66.2955	242.0510	72.5850
-51.3600	-66.2951	238.3810	73.3990
-58.9200	-72.0863	219.0640	72.0210
-68.9600	-82.2109	289.8090	76.6210
-85.5200	-96.8103	225.2270	82.0550
-81.1200	-91.6665	229.1670	79.2540
-77.5400	-90.5079	289.3640	70.0100
-70.5900	-82.6156	243.3380	70.0460
-77.2100	-88.6737	277.4620	56.4350
-80.4800	-93.1147	214.4480	84.6600
-75.5600	-87.9339	246.0820	66.8880
-75.1700	-87.9666	225.7570	77.6060
-74.8100	-86.2321	230.4770	77.2860
-102.6200	-114.1188	273.1210	70.9690
-85.5400	-99.6066	268.0400	78.6050
-46.7000	-59.2414	220.0930	56.5120
-78.1900	-90.8908	247.4780	89.0880
-78.4400	-92.3438	252.7530	85.0030
-97.8800	-108.7205	239.1780	79.1410
-99.6400	-110.2591	241.1900	77.7860
-85.2600	-96.2988	226.9230	77.7920
-84.9100	-95.9532	244.6580	66.6140
-74.0200	-86.5718	226.1940	81.2610
-84.5400	-94.7553	231.4440	70.5910
-84.5400	-94.7553	231.4440	70.5910
-69.2000	-80.5347	226.4390	75.4680
-97.2200	-108.5733	274.2290	71.3490
-95.3700	-105.2711	294.6910	61.8660
-91.6600	-103.1294	287.5170	60.0990
-93.2600	-105.1292	284.1520	70.4530
-72.9900	-85.7011	223.7540	80.2590
-92.4300	-105.5449	265.9500	78.5100
-91.3300	-103.4206	271.2840	69.8140
-92.2500	-103.5677	282.8260	64.5200
-90.7000	-103.3321	265.0750	75.9970
-71.2000	-83.1261	244.4130	66.1910
-73.3800	-83.9658	239.6730	67.7760
-98.0200	-107.7442	290.7800	42.6570
-92.0200	-103.4716	257.8080	57.3610
-95.3000	-105.8847	235.3690	71.5270
-95.3000	-105.8730	232.0500	71.2300
-86.3600	-99.5647	243.1620	83.1770
-95.1000	-107.0252	228.1050	89.6030
-122.7700	-130.2170	242.3190	69.7150
-122.7700	-130.2170	242.3190	69.7150
-81.8100	-93.4107	235.2610	67.3450
-89.3000	-101.5224	265.8840	74.2320
-101.5400	-110.7664	276.9810	60.1150
-78.7200	-91.4809	222.2660	81.5230
-81.2900	-92.7437	227.2580	79.1490
-79.9200	-92.0490	217.0280	83.3860
-81.2900	-92.7437	227.2580	79.1490
-81.2900	-92.7437	227.2580	79.1490
-80.8700	-92.2804	236.6330	77.7810
-82.0600	-93.3708	245.8400	69.9320
-79.9200	-92.0490	217.0280	83.3860
-82.0900	-93.2921	238.6720	74.9110
-81.2900	-92.7437	227.2580	79.1490
-81.2900	-92.7437	227.2580	79.1490
-83.7300	-94.2269	240.5340	75.8360
-81.1500	-93.1691	221.9000	80.3880
-80.7700	-92.7964	237.7740	70.2140
-80.0200	-91.5031	213.9170	80.1200
-80.8600	-91.6791	223.3240	77.4980
-82.4400	-93.0209	222.4400	76.2800
-80.4100	-93.1135	228.5050	72.0870
-80.4900	-92.3460	222.2250	78.7780
-80.8700	-91.6795	210.4510	81.1490
-80.5900	-91.9932	204.4570	84.4410
-74.8400	-87.8689	226.8890	75.2570
-79.0600	-91.1862	236.4310	72.8840
-80.7500	-92.3636	244.9680	69.8510
-80.7500	-92.3636	244.9680	69.8510
-79.0100	-90.9344	234.9300	73.1770
-79.0100	-90.9344	234.9300	73.1770
-79.0100	-90.9344	234.9300	73.1770
-79.0100	-90.9344	234.9300	73.1770
-80.9200	-92.8914	240.4520	81.8140
-95.6900	-104.9615	238.0940	68.9570
-67.6600	-82.5927	302.0660	69.0380
-68.1200	-82.6013	271.9290	84.1260
-70.8800	-83.5269	261.0130	55.0430
-76.8400	-87.7491	286.4110	43.1870
-76.8400	-87.7468	286.5100	43.1320
-74.0100	-86.0247	279.0250	47.0590
-73.8300	-85.8690	266.8090	54.0150
-74.0100	-86.0225	279.6110	46.5790
-70.8800	-83.5379	263.8880	55.4240
-56.0500	-66.7204	225.5650	50.9690
-72.8100	-84.9942	264.4870	57.0890
-75.3200	-87.1321	271.4670	53.3290
-75.4800	-87.1647	271.2520	52.9300
-94.9600	-103.5943	244.4660	66.7020
-57.4200	-69.6393	210.6280	76.1760
-59.6200	-70.3318	209.5160	77.6110
-98.9200	-111.6669	267.4570	72.8310
-106.2500	-115.2417	301.1140	55.6560
-96.9500	-108.0992	259.5950	75.5980
-69.8700	-81.0175	227.2140	72.0230
-69.8700	-81.0019	228.0250	71.0940
-62.6600	-74.9192	203.5570	78.7930
-64.1900	-76.3954	220.6160	73.4560
-63.6700	-76.0157	237.6010	63.5920
-63.2900	-74.9909	223.1810	72.8310
-62.6500	-74.1888	221.2960	72.8090
-65.0400	-75.2603	229.2160	69.0290
-68.3100	-79.4473	258.1070	52.1990
-68.0000	-79.3435	257.2290	54.8750
-68.3100	-79.4530	259.4510	53.4460
-57.4200	-69.6393	210.6280	76.1760
-111.0800	-123.3504	243.7090	91.5530
-68.4600	-79.7777	210.7210	79.5030
-67.8800	-78.5494	229.8860	72.6760
-68.2700	-78.2251	227.0430	71.5730
-68.2400	-80.1032	264.6140	50.0620
-68.2400	-80.3544	259.0740	53.1460
-66.3600	-76.9725	236.4250	66.9770
-96.7100	-105.8237	269.2920	50.6860
-93.9500	-106.0562	276.2230	69.6480
-93.9500	-106.0562	276.2230	69.6480
-78.6400	-92.7661	255.0330	82.4930
-78.6400	-92.7702	258.0240	82.4470
-81.0500	-94.0657	264.8080	79.1330
-82.9700	-93.4857	243.4250	62.5370
-83.0700	-96.7629	232.1540	91.9850
-41.6000	-56.3427	200.5410	75.2610
-41.6000	-56.3427	200.5410	75.2610
-46.5400	-60.4915	238.0220	58.9020
-111.5500	-120.2870	286.5850	41.2890
-96.2600	-106.3141	275.1330	65.8910
-108.5300	-118.9013	246.1730	78.2870
-116.8900	-127.1448	280.3020	46.5530
-124.5500	-135.5774	281.3140	44.4200
-112.2800	-120.3055	282.7890	44.8650
-105.1000	-113.5748	295.4220	34.8110
-125.0900	-131.9611	292.3520	35.8580
-124.8100	-131.7190	291.6240	36.7370
-94.5300	-103.5609	263.2100	53.5690
-77.1400	-86.7426	254.6640	64.3640
-96.1400	-107.3713	245.7380	74.8480
-64.2300	-73.1314	168.6600	59.0170
-87.2900	-96.2473	275.5680	46.3610
-92.8800	-104.8784	238.3510	69.3390
-86.6300	-98.2982	281.2580	69.6890
-91.9300	-103.2616	237.3870	80.6320
-93.2600	-105.2871	275.4150	76.0990
-92.4500	-102.3996	202.3170	87.1760
-102.6900	-112.5889	271.0080	60.4910
-91.5900	-102.2235	264.8900	62.9590
-98.2600	-111.2552	269.4010	82.8120
-75.7700	-88.5341	252.9310	60.8430
-70.6200	-82.7651	238.4080	67.9810
-102.9700	-112.3017	273.7390	67.6600
-108.0000	-117.9670	260.5910	72.6430
-99.1900	-111.1367	238.8590	79.9420
-71.9200	-81.9150	226.7030	72.2600
-67.8700	-82.8995	239.9690	98.2920
-87.3300	-97.3260	214.4700	80.8230
-76.6000	-89.1832	244.3890	71.0650
-76.6000	-89.1832	244.3890	71.0650
-68.8100	-82.4119	231.9330	77.1770
-70.8700	-84.8336	254.8890	63.3260
-75.5200	-87.5802	231.0020	76.2240
-74.4400	-87.1488	220.0640	82.1920
-58.6400	-70.4679	255.8900	64.1470
-85.3200	-96.9532	268.7230	60.6730
-101.1100	-115.0187	259.3610	83.3200
-98.8700	-113.8641	261.6550	82.7070
-101.6700	-114.1097	242.4410	92.5460
-99.0100	-113.0079	248.5520	87.1900
-86.4800	-97.6141	210.4170	83.2130
-86.4800	-97.6141	210.4170	83.2130
-83.1800	-95.6294	185.4610	92.5250
-83.8700	-95.2144	188.7970	93.4730
-83.7400	-94.7601	186.9990	92.3050
-81.1500	-93.1286	239.5430	80.3010
-81.2400	-93.0555	248.3220	75.0930
-78.3900	-89.2895	221.7810	80.8780
-79.9400	-91.7659	250.1640	73.8420
-81.1500	-93.1286	239.5430	80.3010
-78.2600	-89.4524	213.4110	83.5540
-78.2600	-89.4524	213.4110	83.5540
-78.2600	-89.4524	213.4110	83.5540
-78.2600	-89.4524	213.4110	83.5540
-78.2600	-89.4524	213.4110	83.5540
-78.2600	-89.4524	213.4110	83.5540
-121.3700	-154.7282	582.6780	182.0750
-123.3600	-141.7724	413.1470	86.3540
-122.8300	-138.0790	429.9280	58.8750
-133.6200	-150.7911	357.9690	110.8080
-151.5700	-169.5753	417.3060	116.4770
-116.8400	-131.4538	409.9360	59.9510
-146.9500	-182.3457	662.5850	171.6680
-128.3900	-165.4918	604.9760	188.7500
-136.8500	-174.0153	625.3180	195.1680
-154.5300	-190.0523	658.6860	174.0640
-143.8900	-178.7293	631.6730	190.8360
-85.0700	-113.1940	397.3500	164.1180
-156.5000	-190.7779	664.0890	173.6420
-151.7500	-187.6836	624.8740	186.0400
-147.4600	-182.9806	662.1260	173.9780
-89.6600	-122.4314	443.4360	188.3560
-134.8800	-174.2686	614.4180	192.4830
-158.4900	-192.6253	649.3260	177.5860
-131.0300	-167.3038	636.1670	183.5380
-138.7400	-175.6402	619.3120	190.7120
-154.3200	-189.5939	597.1220	197.8470
-154.3200	-189.5939	597.1220	197.8470
-147.6800	-181.1680	639.9790	179.0720
-157.7100	-191.2413	628.1530	187.3700
-158.3000	-191.5084	615.4310	194.3680
-130.0500	-165.8984	601.3650	194.5760
-146.1900	-181.5654	627.5080	182.7960
-128.4500	-165.3429	607.6430	193.5080
-135.2600	-174.0238	647.4340	173.2560
-142.4900	-178.6037	661.9600	168.6560
-148.6500	-184.0920	657.6580	179.6910
-160.7500	-196.7628	622.0640	189.1510
-133.3200	-171.3672	580.6700	203.7720
-132.9400	-169.9459	594.5900	193.9400
-137.2700	-174.3003	628.0480	184.0030
-150.1500	-181.3348	636.4970	185.7410
-138.8200	-175.4191	608.5420	195.0000
-137.7100	-172.7503	647.3610	173.4150
-134.3500	-170.0190	621.2700	184.9150
-125.8100	-163.9590	655.5900	176.2910
-152.6400	-188.3782	677.8600	168.0760
-142.9800	-181.5651	650.2220	182.9850
-143.2100	-176.6974	656.9720	173.0450
-141.2800	-177.6431	635.8390	184.1820
-161.9900	-195.5984	638.2290	174.0730
-130.4500	-169.5896	634.6540	181.6510
-113.9300	-156.9487	531.9170	230.5310
-121.3700	-154.7282	582.6780	182.0750
-116.8400	-131.4538	409.9360	59.9510
-121.3700	-154.7282	582.6780	182.0750
-55.8800	-84.1026	301.5990	157.7870
-69.2600	-98.7605	423.5980	129.2720
-58.4400	-87.9383	318.6930	161.6890
-168.5400	-200.4602	643.5630	153.5880
-101.0200	-123.4681	457.9560	83.0780
-142.6700	-163.2112	575.3180	96.0110
-144.0700	-179.6241	562.3840	204.1210
-84.4100	-105.0845	377.5650	112.9310
-91.6900	-113.9168	349.3330	116.5970
-79.6800	-101.5047	383.6950	100.2120
-79.6800	-101.5047	383.6950	100.2120
-78.3300	-97.4133	304.1400	120.9020
-78.6300	-100.8455	380.3810	102.3280
-79.6800	-101.5047	383.6950	100.2120
-136.9300	-154.7879	290.0400	133.8140
-126.3900	-144.9308	339.9450	97.9540
-163.9500	-179.7267	360.5550	100.8520
-169.3200	-188.3975	495.4950	91.5100
-142.8400	-161.7193	409.4020	98.5280
-197.7300	-224.0514	592.4700	124.9030
-227.3900	-259.1251	643.0680	187.7090
-138.7600	-155.9177	378.6690	106.3080
-133.6200	-153.0194	440.1800	98.5800
-128.1100	-162.5175	537.5000	177.6940
-147.6500	-180.3247	582.6580	170.9080
-74.4900	-99.6571	405.0010	119.0600
-61.1000	-84.3891	406.7760	122.3130
-63.4000	-84.1905	349.9150	116.8010
-77.4000	-99.2954	404.9580	124.5680
-93.1600	-119.6390	466.8820	118.7040
-86.3400	-112.5392	403.7270	134.7470
-123.2400	-151.8806	478.9270	169.9340
-120.8200	-149.6032	465.3710	154.0400
-100.5700	-124.5820	376.8940	135.6570
-192.1400	-219.6096	552.7350	160.4840
-178.6200	-207.1495	471.4920	177.1750
-114.2100	-137.7614	436.1730	125.7720
-121.3800	-146.2561	408.7700	169.2370
-114.2200	-144.0496	455.6070	175.7160
-135.9400	-166.2127	428.5430	177.4440
-134.3600	-161.3946	480.9370	162.0660
-151.6200	-192.4483	515.4530	258.5720
-104.2300	-132.9796	428.2160	155.4290
-189.5400	-225.1469	668.7320	184.3240
-225.0500	-261.3748	551.7710	248.9780
-141.2800	-160.9130	457.5690	104.4060
-198.1400	-232.6381	562.4970	205.6420
-111.1500	-138.1178	415.1840	160.4420
-138.1400	-174.9729	635.8810	176.2110
-157.0300	-191.6397	613.6000	176.8320
-171.3000	-207.6562	627.1770	199.1820
-150.0700	-186.5326	662.2010	177.8260
-170.6200	-201.5373	685.3450	155.1880
-173.6400	-208.3483	632.6510	194.8170
-142.4500	-179.6339	599.6770	202.2080
-185.5800	-218.1603	624.0840	183.9160
-178.2400	-211.6675	651.9160	190.4160
-93.3300	-127.3844	413.8790	199.3150
-94.9300	-128.4545	422.3920	197.1700
-156.4100	-189.7057	655.7330	177.6190
-134.9300	-171.4469	561.9920	214.3580
-142.9400	-180.1784	652.0710	177.1690
-139.1100	-176.2378	618.9920	185.5180
-175.1000	-211.9630	627.2380	183.8650
-162.4600	-196.5476	582.4650	196.9290
-130.3600	-164.7991	599.4840	158.7530
-153.0700	-187.0924	643.9080	176.2410
-155.7200	-190.5890	650.9930	165.0840
-161.4100	-200.0000	609.7610	197.2590
-194.1400	-203.5738	326.2700	174.7860
-260.3000	-287.9892	719.2750	158.3900
-159.8300	-178.0631	389.8580	136.1320
-220.4700	-248.8804	708.4460	169.2710
-70.8000	-87.2719	351.7120	94.4500
-71.4300	-89.0674	366.5570	87.9300
-71.2600	-87.9285	356.3700	90.3220
-103.3800	-123.2832	441.2070	62.6710
-103.8000	-121.6498	449.6940	57.9610
-101.2200	-120.7273	440.2850	63.4020
-102.0400	-121.9495	446.7290	59.2750
-103.2200	-123.3233	442.3000	62.0750
-101.6500	-120.8787	432.4360	68.2280
-101.1100	-121.4724	439.8600	63.6540
-93.6700	-113.4380	406.0200	79.0500
-98.5100	-117.8365	435.8680	67.6400
-99.2500	-117.8828	432.2950	68.4880
-99.8700	-118.5374	429.6100	71.0980
-91.6000	-112.3033	405.3800	85.9020
-140.0500	-154.8226	354.2530	97.3460
-146.9000	-162.7839	395.3960	82.1250
-129.6900	-148.1372	354.8440	107.3490
-138.7300	-156.0733	383.8870	85.2740
-139.7300	-156.1579	372.6500	92.3950
-136.3500	-152.4791	404.6630	77.6950
-135.8800	-151.9463	392.6080	85.4280
-136.4800	-152.2049	343.9670	103.2680
-150.0400	-164.7661	423.4520	68.9940
