0.000000
0.000000
0.000000
0.000000
0.000000
0.000000
0.000000
0.000000
0.000000
0.016190
0.000000
0.000000
0.000200
0.000070
0.000040
0.000010
0.000000
0.000000
0.000000
0.000000
0.000010
0.000000
0.000000
0.000020
0.000000
0.000000
0.000000
0.000000
0.000000
0.000000
0.000120
0.000000
0.000000
0.000000
0.000000
0.000000
0.000000
0.000000
0.000000
0.000000
0.000000
0.001670
0.000000
0.000000
0.000200
0.000000
0.000000
0.000010
0.000040
0.000020
0.000000
0.000000
0.000000
0.000000
0.000000
0.000000
0.000000
0.000000
0.000000
0.000000
0.000000
0.000000
0.000000
0.000000
0.000000
0.000000
0.000000
0.000010
0.000000
0.000000
0.000000
0.000000
0.000000
0.000000
0.000190
0.000000
0.000000
0.000080
0.000000
0.000000
0.000000
0.000070
0.000000
0.000000
0.000000
0.000000
0.000090
0.000230
0.000960
0.000390
0.000000
0.000000
0.000000
0.000000
0.000000
0.000000
0.000000
0.000000
0.000000
0.000000
0.000000
0.000000
0.000000
0.000000
0.000000
0.000000
0.000000
0.000000
0.000000
0.000000
0.000000
0.000000
0.000000
0.000000
0.000000
0.000000
0.000000
0.000000
0.000000
0.000000
0.000000
0.000000
0.000000
0.000000
0.000000
0.000000
0.000000
1.000000
0.000000
0.000000
0.000000
0.000000
0.000000
0.000000
0.000000
0.000000
0.000000
0.000000
0.000000
0.000000
0.000000
0.000000
0.000000
0.000000
0.000000
0.000000
0.000000
0.000000
0.000000
0.000000
0.000000
0.000000
0.000000
0.000000
0.000000
0.000000
0.000000
0.000000
0.000000
0.000000
0.000000
0.000000
0.000000
0.000000
0.000000
0.000000
0.000000
0.000000
0.000000
0.000000
0.000000
0.000000
0.000000
0.000000
0.000000
0.000000
0.000000
0.000000
0.000000
0.000000
0.000000
0.000000
0.000000
0.000000
0.000000
0.000000
0.000000
0.000000
0.000000
0.000000
0.000000
0.000000
0.000000
0.000000
0.000000
0.000000
0.000000
0.000000
0.000000
0.000000
0.000000
0.000000
0.000000
0.000000
0.000000
0.000000
0.000000
0.000000
0.000000
0.000000
0.000000
0.000000
0.000000
0.000000
1.000000
0.000000
0.000000
0.000000
0.000000
0.000000
0.000000
0.000000
0.000000
0.000000
0.000000
0.000000
0.000000
0.000000
0.000000
0.000000
0.000000
0.000000
0.000000
0.000000
0.000000
0.000000
0.000000
0.000000
0.000000
0.000000
0.000000
0.000000
0.000000
0.000000
0.000000
0.000000
0.000000
0.000000
0.000000
0.000000
0.000000
0.000000
0.000000
0.000000
0.000000
0.000000
0.000000
0.000000
0.000000
0.000000
0.000000
0.000000
0.000000
0.000000
0.000000
0.000000
0.000000
0.000000
0.000000
0.000000
0.000000
0.000000
0.000000
0.000000
0.000000
0.000000
0.000000
0.000000
0.000000
0.000000
0.000000
0.000000
0.000000
0.000000
0.000000
0.000000
0.000000
0.000000
0.000000
0.000000
0.000000
0.000000
0.000000
0.000000
0.000000
0.000000
0.000000
0.000000
0.000000
0.000000
1.000000
0.000000
0.000000
0.000000
0.000000
0.000000
0.000000
0.000000
0.000000
0.000000
0.000000
0.000000
0.000000
0.000000
0.000000
0.000000
0.000000
0.000000
0.000000
0.000000
0.000000
0.000000
0.000000
0.000000
0.000000
0.000000
0.000000
0.000000
0.000000
0.000000
0.000000
0.000000
0.000000
0.000000
0.000000
0.000000
0.000000
0.000000
0.000000
0.000000
0.000000
0.000000
0.000000
0.000000
0.000000
0.000000
0.000000
0.000000
0.000000
0.000000
0.000000
0.000000
0.000000
0.000000
0.000000
0.000000
0.000000
0.000000
0.000000
0.000000
0.000000
0.000000
0.000000
0.000000
0.000000
0.000000
0.000000
0.000000
0.000000
0.000000
0.000000
0.000000
0.000000
0.000000
0.000000
0.000000
0.000000
0.000000
0.000000
0.000000
0.000000
0.000000
0.000000
0.000000
0.000000
1.000000
0.000000
0.000000
0.000000
0.000000
0.000000
0.000000
0.000000
0.000000
0.000000
0.000000
0.000000
0.000000
0.000000
0.000000
0.000000
0.000000
0.000000
0.000000
0.000000
0.000000
0.000000
0.000000
0.000000
0.000000
0.000000
0.000000
0.000000
0.000000
0.000000
0.000000
0.000000
0.000000
0.000000
0.000000
0.000000
0.000000
0.000000
0.000000
0.000000
0.000000
0.000000
0.000000
0.000000
0.000000
0.000000
0.000000
0.000000
0.000000
0.000000
0.000000
0.000000
0.000000
0.000000
0.000000
0.000000
0.000000
0.000000
0.000000
0.000000
0.000000
0.000000
0.000000
0.000000
0.000000
0.000000
0.000000
0.000000
0.000000
0.000000
0.000000
0.000000
0.000000
0.000000
0.000000
0.000000
0.000000
0.000000
0.000000
0.000000
0.000000
0.000000
0.000000
0.000000
1.000000
0.000000
0.000000
0.000000
0.000000
0.000000
0.000000
0.000000
0.000000
0.000000
0.000000
0.000000
0.000000
0.000000
0.000000
0.000000
0.000000
0.000000
0.000000
0.000000
0.000000
0.000000
0.000000
0.000000
0.000000
0.000000
0.000000
0.000000
0.000000
0.000000
0.000000
0.000000
0.000000
0.000000
0.000000
0.000000
0.000000
0.000000
0.000000
0.000000
0.000000
0.000000
0.000000
0.000000
0.000000
0.000000
0.000000
0.000000
0.000000
0.000000
0.000000
0.000000
0.000000
0.000000
0.000000
0.000000
0.000000
0.000000
0.000000
0.000000
0.000000
0.000000
0.000000
0.000000
0.000000
0.000000
0.000000
0.000000
0.000000
0.000000
0.000000
0.000000
0.000000
0.000000
0.000000
0.000000
0.000000
0.000000
0.000000
0.000000
0.000000
0.000000
0.000000
1.000000
0.000000
0.000000
0.000000
0.000000
0.000000
0.000000
0.000000
0.000000
0.000000
0.000000
0.000000
0.000000
0.000000
0.000000
0.000000
0.000000
0.000000
0.000000
0.000000
0.000000
0.000000
0.000000
0.000000
0.000000
0.000000
0.000000
0.000000
0.000000
0.000000
0.000000
0.000000
0.000000
0.000000
0.000000
0.000000
0.000000
0.000000
0.000000
0.000000
0.000000
0.000000
0.000000
0.000000
0.000000
0.000000
0.000000
0.000000
0.000000
0.000000
0.000000
0.000000
0.000000
0.000000
0.000000
0.000000
0.000000
0.000000
0.000000
0.000000
0.000000
0.000000
0.000000
0.000000
0.000000
0.000000
0.000000
0.000000
0.000000
0.000000
0.000000
0.000000
0.000000
0.000000
0.000000
0.000000
0.000000
0.000000
0.000000
0.000000
0.000000
0.000000
1.000000
0.000000
0.000000
0.000000
0.000000
0.000000
0.000000
0.000000
0.000000
0.000000
0.000000
0.000000
0.000000
0.000000
0.000000
0.000000
0.000000
0.000000
0.000000
0.000000
0.000000
0.000000
0.000000
0.000000
0.000000
0.000000
0.000000
0.000000
0.000000
0.000000
0.000000
0.000000
0.000000
0.000000
0.000000
0.000000
0.000000
0.000000
0.000000
0.000000
0.000000
0.000000
0.000000
0.000000
0.000000
0.000000
0.000000
0.000000
0.000000
0.000000
0.000000
0.000000
0.000000
0.000000
0.000000
0.000000
0.000000
0.000000
0.000000
0.000000
0.000000
0.000000
0.000000
0.000000
0.000000
0.000000
0.000000
0.000000
0.000000
0.000000
0.000000
0.000000
0.000000
0.000000
0.000000
0.000000
0.000000
0.000000
0.000000
0.000000
0.000000
1.000000
0.000000
0.000000
0.000000
0.000000
0.000000
0.000000
0.000000
0.000000
0.000000
0.000000
0.000000
0.000000
0.000000
0.000000
0.000000
0.000000
0.000000
0.000000
0.000000
0.000000
0.000000
0.000000
0.000000
0.000000
0.000000
0.000000
0.000000
0.000000
0.000000
0.000000
0.000000
0.000000
0.000000
0.000000
0.000000
0.000000
0.000000
0.000000
0.000000
0.000000
0.000000
0.000000
0.000000
0.000000
0.000000
0.000000
0.000000
0.000000
0.000000
0.000000
0.000000
0.000000
0.000000
0.000000
0.000000
0.000000
0.000000
0.000000
0.000000
0.000000
0.000000
0.000000
0.000000
0.000000
0.000000
0.000000
0.000000
0.000000
0.000000
0.000230
0.000000
0.000000
0.000000
0.000000
0.000000
0.000000
0.000000
0.000000
0.000000
0.000000
0.000000
0.000000
0.000000
0.000000
0.000000
0.000000
0.000000
0.000000
0.000000
0.000000
0.000000
0.000000
0.000000
0.000000
0.000000
0.000000
0.000800
0.000000
0.000000
0.000000
0.000000
0.000000
0.000000
0.000000
0.000000
0.000000
0.000000
0.000030
0.000000
0.000460
0.000000
0.000000
0.000000
0.000100
0.000000
0.000030
0.000000
0.000000
0.000000
0.000000
0.000000
0.000000
0.000020
0.000000
0.000000
0.000000
0.000000
0.000000
0.000000
0.000000
0.000030
0.000000
0.000000
0.000000
0.000000
0.000000
0.000000
0.000000
0.000000
0.000000
0.000000
0.000000
0.000000
0.000000
0.000000
0.004530
0.000030
0.000000
0.000000
0.000000
0.000000
0.000000
0.000000
0.000000
0.000010
0.000000
0.000000
0.003110
0.000550
0.000000
0.000000
0.000000
0.000000
0.000000
0.000000
0.000000
0.000000
0.000000
0.000070
0.000030
0.000000
0.005590
0.005600
0.000000
0.001600
0.000820
0.000000
0.000000
0.000000
0.000030
0.000000
0.000000
0.000000
0.000000
0.000000
0.000000
0.000000
0.000000
0.000600
0.000000
0.000000
0.000000
0.000000
0.000000
0.000000
0.000000
0.000000
0.000020
0.000010
0.000000
0.000000
0.000020
0.000000
0.000000
0.000000
0.000000
0.000000
0.000040
0.000010
0.000030
0.000000
0.000010
0.000000
0.000010
0.000000
0.000000
0.000000
0.000000
0.000000
0.000000
0.000000
0.000000
0.000120
0.004990
0.000000
0.000000
0.000000
0.006930
0.000020
0.000000
0.000050
0.000000
0.000000
0.000000
0.000020
0.003910
0.000000
0.000000
0.024440
0.000000
0.000000
0.000000
0.000000
0.000000
0.000000
0.000000
0.000000
0.000000
0.000000
0.003260
0.000000
0.000000
0.003000
0.000000
0.000000
0.000040
0.000070
0.000110
0.000000
0.000000
0.000000
0.000000
0.000000
0.000000
0.000000
0.000060
0.001060
0.000000
0.000020
0.000100
0.000240
0.000250
0.000110
0.000020
0.000050
0.000020
0.000000
0.000000
0.000000
0.000000
0.000000
0.000000
0.000000
0.000000
0.000000
0.000020
0.000000
0.000000
0.000000
0.000010
0.000000
0.000000
0.000000
0.000000
0.000730
0.721420
0.031520
0.012520
0.000000
0.000000
0.000000
0.000200
0.000000
0.000000
0.007050
0.000010
0.000000
0.000040
0.000000
0.000000
0.000000
0.000000
0.004200
0.000010
0.000000
0.000000
0.082490
0.000000
0.000000
0.000000
0.000000
0.000000
0.000000
0.000000
0.000000
0.000000
0.000000
0.024350
0.000000
0.000000
0.000110
0.000000
0.000000
0.000020
0.000080
0.000010
0.000000
0.000000
0.000000
0.000000
0.000000
0.000000
0.000000
0.001110
0.000000
0.000000
0.000120
0.000330
0.000220
0.000150
0.000010
0.000040
0.000000
0.000000
0.000000
0.000000
0.000000
0.000000
0.000000
0.000000
0.000000
0.000000
0.000000
0.000070
0.000000
0.000000
0.000000
0.000000
0.000000
0.000000
0.000000
0.000000
0.768900
0.016970
0.006880
0.000220
0.000000
0.000000
0.000000
0.000000
0.006910
0.000000
0.000000
0.000000
0.000000
0.000000
0.000000
0.000000
0.004050
0.000000
0.000000
0.000150
0.062370
0.000000
0.000000
0.000000
0.000000
0.000000
0.000000
0.000000
0.000000
0.000000
0.000020
0.028350
0.000000
0.000000
0.000000
0.000000
0.000020
0.000000
0.000000
0.000000
0.000000
0.000000
0.000000
0.000000
0.000010
0.000010
0.000540
0.000000
0.000000
0.000000
0.000090
0.000000
0.000000
0.000000
0.000000
0.000000
0.000000
0.000000
0.000000
0.000000
0.000000
0.000000
0.000000
0.000000
0.000000
0.000000
0.000000
0.000100
0.000000
0.000000
0.000000
0.000000
0.000000
0.000000
0.000120
0.000630
0.791360
0.000000
0.000000
0.000000
0.000000
0.000000
0.000000
0.000000
0.000020
0.000000
0.000000
0.000000
0.000000
0.000000
0.000000
0.000000
0.000060
0.000000
0.000000
0.038180
0.005420
0.000000
0.000000
0.000000
0.000000
0.000000
0.000000
0.000000
0.000000
0.000000
0.027210
0.000170
0.000000
0.000000
0.000000
0.000000
0.000020
0.000000
0.000000
0.000000
0.000000
0.000000
0.000000
0.000010
0.000010
0.000550
0.000560
0.000000
0.000000
0.000000
0.000020
0.000000
0.000000
0.000000
0.000000
0.000000
0.000000
0.000000
0.000000
0.000000
0.000000
0.000000
0.000000
0.000000
0.000000
0.000000
0.000090
0.000000
0.000000
0.000000
0.000000
0.000000
0.000000
0.000170
0.000920
0.790810
0.000560
0.000000
0.000000
0.000000
0.000000
0.000000
0.000000
0.000000
0.000000
0.000000
0.000000
0.000000
0.000000
0.000000
0.000000
0.000380
0.000000
0.000000
0.003810
0.115670
0.000000
0.000000
0.000000
0.000000
0.000000
0.000000
0.000000
0.000000
0.000000
0.000080
0.000050
0.000000
0.000000
0.000000
0.000000
0.000000
0.000000
0.000000
0.000000
0.000000
0.000000
0.000000
0.000010
0.000490
0.000540
0.000070
0.000000
0.000000
0.000000
0.000040
0.000000
0.000000
0.000000
0.000000
0.000000
0.000000
0.000000
0.000000
0.000000
0.000000
0.000000
0.000000
0.000000
0.000000
0.000000
0.000000
0.000010
0.000000
0.000000
0.000000
0.000000
0.000000
0.000780
0.785580
0.000730
0.000050
0.000000
0.000000
0.000000
0.000000
0.000000
0.000000
0.000000
0.000000
0.000000
0.000000
0.000000
0.000000
0.000000
0.000620
0.000000
0.000000
0.146480
0.000050
0.000000
0.000000
0.000000
0.000000
0.000000
0.000000
0.000000
0.000000
0.000000
0.000050
0.000000
0.000000
0.000000
0.000000
0.000000
0.000010
0.000000
0.000000
0.000000
0.000000
0.000010
0.000000
0.000430
0.000360
0.000060
0.000020
0.000000
0.000000
0.000000
0.001690
0.000000
0.000000
0.000000
0.000000
0.000000
0.000000
0.000000
0.000000
0.000000
0.000000
0.000000
0.000000
0.000000
0.000000
0.000000
0.000030
0.000020
0.000000
0.000000
0.000000
0.000000
0.000000
0.777670
0.000840
0.000050
0.000020
0.000000
0.000000
0.000000
0.000000
0.000000
0.000000
0.000000
0.000000
0.000000
0.000000
0.001470
0.000000
0.000000
0.000000
0.184230
0.000000
0.000000
0.000000
0.000000
0.000000
0.000000
0.000000
0.000000
0.000000
0.000000
0.000000
0.000000
0.000000
0.000000
0.000000
0.000000
0.000000
0.000000
0.000000
0.000010
0.000000
0.000000
0.000000
0.000000
0.000000
0.000000
0.000000
0.000000
0.000000
0.000000
0.002760
0.000000
0.000010
0.000000
0.000000
0.000000
0.000030
0.000000
0.000020
0.000000
0.000000
0.000000
0.000000
0.000000
0.000000
0.000060
0.000000
0.000000
0.000000
0.000000
0.000000
0.000000
0.000000
0.685490
0.000000
0.000000
0.000000
0.000000
0.000000
0.000000
0.000000
0.000000
0.000000
0.000000
0.000000
0.000150
0.001650
0.000000
0.001230
0.000000
0.195140
0.000100
0.000000
0.000000
0.310630
0.000000
0.000000
0.000000
0.000000
0.000000
0.000000
0.000000
0.000000
0.000000
0.000000
0.001280
0.000000
0.000000
0.000010
0.000000
0.000000
0.000030
0.000050
0.000130
0.000000
0.000000
0.000000
0.000000
0.000000
0.000000
0.000000
0.004260
0.000060
0.000000
0.000260
0.000090
0.000030
0.000060
0.000020
0.000050
0.000000
0.000010
0.000000
0.000000
0.000000
0.000000
0.000000
0.000060
0.000180
0.000000
0.000000
0.268750
0.000000
0.000000
0.000000
0.001230
0.000000
0.000000
0.000000
0.000000
0.002030
0.000060
0.000000
0.000010
0.000000
0.000000
0.000000
0.000000
0.000000
0.000000
0.184590
0.000000
0.000000
0.000330
0.316700
0.000000
0.000000
0.000000
0.000000
0.000000
0.000000
0.000000
0.000000
0.000000
0.000010
0.001360
0.000000
0.000000
0.000000
0.000000
0.000010
0.000000
0.000000
0.000000
0.000000
0.000130
0.000000
0.000010
0.000340
0.000030
0.000870
0.000000
0.000000
0.000000
0.000310
0.000000
0.000000
0.000000
0.000000
0.000000
0.000000
0.000000
0.000000
0.000000
0.000000
0.000040
0.000000
0.000000
0.000000
0.000000
0.000650
0.276770
0.000000
0.000000
0.000000
0.000000
0.000000
0.000220
0.000330
0.000120
0.002130
0.000000
0.000000
0.000000
0.000000
0.000000
0.000000
0.000000
0.000000
0.000000
0.002250
0.000000
0.000000
0.292870
0.002430
0.000000
0.000000
0.000000
0.000000
0.000000
0.000000
0.000000
0.000000
0.000000
0.001360
0.000120
0.000000
0.000000
0.000000
0.000000
0.000040
0.000000
0.000000
0.000000
0.000000
0.000120
0.000000
0.000580
0.000010
0.000850
0.006140
0.000000
0.000000
0.000000
0.000020
0.000000
0.000000
0.000000
0.000000
0.000000
0.000000
0.000000
0.000000
0.000000
0.000000
0.000600
0.000000
0.000000
0.000000
0.000000
0.256830
0.009280
0.000000
0.000000
0.000000
0.000000
0.000000
0.000500
0.000250
0.002120
0.000160
0.000000
0.000000
0.000000
0.000000
0.000000
0.000000
0.000000
0.000000
0.003120
0.000000
0.000000
0.002180
0.002840
0.000000
0.000000
0.000000
0.000000
0.000000
0.000000
0.000000
0.000000
0.000000
0.000120
0.000130
0.000000
0.000670
0.000940
0.000000
0.000890
0.037610
0.000000
0.000000
0.000000
0.000010
0.000590
0.000010
0.000320
0.007520
0.000250
0.001050
0.000000
0.000000
0.000030
0.000000
0.000000
0.000000
0.000000
0.000000
0.000000
0.000000
0.000000
0.000020
0.001210
0.000360
0.016250
0.024590
0.000000
0.000000
0.007540
0.002980
0.000000
0.009190
0.009890
0.009820
0.000000
0.000210
0.001680
0.000190
0.000020
0.000000
0.000000
0.000000
0.000000
0.000000
0.000000
0.000000
0.004350
0.000000
0.000000
0.003480
0.011220
0.000000
0.000000
0.000000
0.000000
0.000000
0.000000
0.000000
0.000000
0.000000
0.000130
0.000790
0.000000
0.000000
0.000000
0.000000
0.040530
0.000000
0.000000
0.000000
0.000000
0.000570
0.000000
0.000210
0.008850
0.000280
0.001220
0.000000
0.000000
0.000000
0.000000
0.000000
0.000000
0.000000
0.000000
0.000000
0.000000
0.000000
0.000000
0.000650
0.000000
0.013430
0.000000
0.000000
0.000000
0.000000
0.004090
0.043040
0.000000
0.000000
0.000000
0.000000
0.000000
0.001690
0.000840
0.000090
0.000170
0.000000
0.000000
0.000000
0.000000
0.000000
0.000000
0.000000
0.000000
0.000000
0.009000
0.003500
0.000000
0.000000
0.000000
0.000000
0.000000
0.000000
0.000000
0.000000
0.000000
0.000820
0.000520
0.000000
0.000000
0.000000
0.000000
0.002860
0.000000
0.000000
0.000000
0.000000
0.000070
0.000000
0.009200
0.000190
0.001190
0.000010
0.000000
0.000000
0.000000
0.000000
0.000000
0.000000
0.000000
0.000000
0.000000
0.000000
0.000000
0.000000
0.000480
0.000000
0.094850
0.000000
0.000000
0.000000
0.000000
0.039270
0.007660
0.000000
0.000000
0.000000
0.000000
0.000000
0.001150
0.000100
0.000180
0.000000
0.000000
0.000000
0.000000
0.000000
0.000000
0.000000
0.000000
0.000000
0.002250
0.000570
0.000000
0.000000
0.000000
0.000000
0.000000
0.000000
0.000000
0.000000
0.000000
0.000550
0.000260
0.000000
0.004510
0.015250
0.000000
0.000620
0.054830
0.000000
0.000000
0.000000
0.000020
0.009080
0.000130
0.001090
0.000010
0.000000
0.000010
0.000000
0.000000
0.000000
0.000000
0.000000
0.000000
0.000000
0.000000
0.000000
0.000000
0.000000
0.000240
0.096310
0.000860
0.018970
0.004120
0.000000
0.000000
0.004400
0.002500
0.000000
0.009850
0.011390
0.010860
0.000000
0.000090
0.000180
0.000000
0.000000
0.000000
0.000000
0.000000
0.000000
0.000000
0.000000
0.000000
0.000520
0.000280
0.000000
0.000000
0.000000
0.000000
0.000000
0.000000
0.000000
0.000000
0.000000
0.000280
0.000060
0.000000
0.000000
0.000000
0.000000
0.065100
0.000000
0.000000
0.000000
0.000000
0.009260
0.000000
0.000920
0.000020
0.000000
0.000010
0.000000
0.000000
0.000000
0.000000
0.000000
0.000000
0.000000
0.000000
0.000000
0.000000
0.000000
0.000000
0.086150
0.000000
0.019090
0.000000
0.000000
0.000000
0.000000
0.005770
0.000830
0.000000
0.000000
0.000000
0.000000
0.000000
0.000250
0.000010
0.000000
0.000000
0.000000
0.000000
0.000000
0.000000
0.000000
0.000000
0.000000
0.000000
0.001220
0.000000
0.000000
0.000000
0.000000
0.000000
0.000000
0.000000
0.000000
0.000000
0.000000
0.077190
0.000000
0.000000
0.056650
0.000000
0.000000
0.000780
0.000950
0.007510
0.000000
0.000000
0.000000
0.000000
0.000000
0.000000
0.000000
0.000000
0.000000
0.000000
0.000020
0.000000
0.000030
0.000060
0.000080
0.000530
0.000520
0.069660
0.000000
0.000000
0.000000
0.000000
0.000000
0.001740
0.008360
0.000000
0.000000
0.075480
0.000000
0.000000
0.000000
0.000510
0.000000
0.000000
0.000000
0.000000
0.000000
0.000000
0.000000
0.000000
0.000000
0.000000
0.000000
0.000000
0.000000
0.000000
0.000000
0.000000
0.000000
0.000000
0.000000
0.000000
0.000030
0.081930
0.000000
0.000000
0.000000
0.000000
0.004040
0.000000
0.000000
0.000000
0.000000
0.000300
0.000000
0.000230
0.000100
0.000040
0.000040
0.000000
0.000000
0.000000
0.000030
0.000000
0.000000
0.000000
0.000000
0.000000
0.000000
0.000000
0.000000
0.002780
0.000000
0.022420
0.000000
0.000000
0.000000
0.000000
0.000380
0.077500
0.000000
0.000000
0.000000
0.000000
0.000000
0.000040
0.000030
0.000000
0.000000
0.000000
0.000000
0.000000
0.000000
0.000000
0.000000
0.000000
0.000000
0.000000
0.000000
0.000000
0.000000
0.000000
0.000000
0.000000
0.076620
0.000360
0.000000
0.020650
0.006850
0.000000
0.003030
0.000770
0.000000
0.000000
0.000000
0.000990
0.000170
0.000090
0.000020
0.000030
0.000000
0.000000
0.000000
0.000000
0.000000
0.000000
0.000000
0.000000
0.000000
0.000000
0.000000
0.000000
0.000000
0.001760
0.021230
0.000480
0.000510
0.002720
0.000000
0.000000
0.070500
0.000070
0.000000
0.001020
0.000540
0.000480
0.000000
0.000040
0.000000
0.000000
0.000000
0.000000
0.000000
0.000000
0.000000
0.000000
0.000000
0.000000
0.000000
0.000000
0.000000
0.000000
0.000000
0.000000
0.000000
0.000000
0.000000
0.014570
0.000000
0.000000
0.004410
0.000000
0.000000
0.000240
0.001590
0.002810
0.000000
0.000000
0.000000
0.000000
0.000000
0.000000
0.000000
0.000010
0.000020
0.000000
0.000000
0.000630
0.002960
0.016930
0.003530
0.005770
0.013180
0.005940
0.000000
0.000000
0.000000
0.000000
0.000000
0.000990
0.066900
0.000000
0.000000
0.000850
0.000000
0.000000
0.000000
0.000090
0.000000
0.000000
0.000000
0.000000
0.000000
0.000010
0.000000
0.000000
0.000000
0.000000
0.000000
0.000000
0.000000
0.000000
0.000000
0.000000
0.000000
0.000000
0.000000
0.057300
0.000000
0.000000
0.000580
0.000000
0.000000
0.001200
0.002770
0.000070
0.000000
0.000000
0.000000
0.000000
0.000000
0.000000
0.000000
0.000020
0.000000
0.000000
0.000760
0.002830
0.016390
0.004550
0.003910
0.011300
0.006420
0.001290
0.000000
0.000000
0.000000
0.000000
0.000000
0.053710
0.001200
0.000000
0.000000
0.003790
0.000000
0.000000
0.000000
0.000080
0.000000
0.000000
0.000000
0.000000
0.000010
0.000000
0.000000
0.000000
0.000000
0.000000
0.000000
0.000000
0.000000
0.000000
0.000000
0.000000
0.000260
0.062340
0.000000
0.000000
0.000000
0.000000
0.001540
0.000000
0.000000
0.000000
0.000000
0.000040
0.000000
0.000040
0.000020
0.000020
0.000050
0.000000
0.000000
0.000000
0.001380
0.000000
0.000000
0.000000
0.000000
0.000000
0.000000
0.000000
0.000000
0.001010
0.000000
0.004360
0.000000
0.000000
0.000000
0.000000
0.000420
0.004020
0.000000
0.000000
0.000000
0.000000
0.000000
0.000000
0.000010
0.000000
0.000010
0.000000
0.000000
0.000000
0.000000
0.000000
0.000000
0.000000
0.000000
0.000000
0.000000
0.000000
0.000000
0.000000
0.000000
0.000000
0.000000
0.000000
0.000000
0.000000
0.000000
0.000000
0.000000
0.000000
0.000000
0.000000
0.000000
0.000000
0.000000
0.000000
0.000000
0.000000
0.000000
0.000000
0.000000
0.000000
0.000000
0.000000
0.000000
0.000000
0.000000
0.000000
0.000000
0.000000
0.000000
0.000000
0.000000
0.000000
0.000000
0.000000
0.000000
0.000000
0.000000
0.000000
0.000000
0.000000
0.000000
0.000000
0.000000
0.000000
0.000000
0.000000
0.000000
0.000000
0.000000
0.000000
0.000000
0.000000
0.000000
0.000000
0.000000
0.000000
0.000000
0.000000
0.000000
0.000000
0.000000
0.000000
0.000000
0.000000
0.000000
0.000000
0.000000
0.000000
0.000000
0.000000
0.000000
0.000000
0.000000
0.000000
0.000000
0.000000
0.000000
0.000000
0.000000
0.000000
0.000000
0.000000
0.000000
0.000000
0.000000
0.000000
0.000000
0.000000
0.000000
0.000000
0.000000
0.000000
0.000000
0.000000
0.000000
0.000000
0.000000
0.000000
0.000000
0.000000
0.000000
0.000000
0.000000
0.000000
0.000000
0.000000
0.000000
0.000000
0.000000
0.000000
0.000000
0.000000
0.000000
0.000000
0.000000
0.000000
0.000000
0.000000
0.000000
0.000000
0.000000
0.000000
0.000000
0.000000
0.000000
0.000000
0.000000
0.000000
0.000000
0.000000
0.000000
0.000000
0.000000
0.000000
0.000000
0.000000
0.000000
0.000000
0.000000
0.000000
0.000000
0.000000
0.000000
0.000000
0.000000
0.000000
0.000000
0.000000
0.000000
0.000000
0.000000
0.000000
0.000000
0.000000
0.000000
0.000000
0.000000
0.000000
0.000000
0.000000
0.000000
0.000000
0.000000
0.000000
0.000000
0.000000
0.000000
0.000000
0.000000
0.000000
0.000000
0.000000
0.000000
0.000000
0.000000
0.000000
0.000000
0.000000
0.000000
0.000000
0.000000
0.000000
0.000000
0.000000
0.000000
0.000000
0.000000
0.000000
0.000000
0.000000
0.000000
0.000000
0.000000
0.000000
0.000000
0.000000
0.000000
0.000000
0.000000
0.000000
0.000000
0.000000
0.000000
0.000000
0.000000
0.000000
0.000000
0.000000
0.000000
0.000000
0.000000
0.000000
0.000000
0.000000
0.000000
0.000000
0.000000
0.000000
0.000000
0.000000
0.000000
0.000000
0.000000
0.000000
0.000000
0.000000
0.000000
0.000000
0.000000
0.000000
0.000000
0.000000
0.000000
0.000000
0.000000
0.000000
0.000000
0.000000
0.000000
0.000000
0.000000
0.000000
0.000000
0.000000
0.000000
0.000000
0.000000
0.000000
0.000000
0.000000
0.000000
0.000000
0.000000
0.000000
0.000000
0.000000
0.000000
0.000000
0.000000
0.000000
0.000000
0.000000
0.000000
0.000000
0.000000
0.000000
0.000000
0.000000
0.000000
0.000000
0.000000
0.000000
0.000000
0.000000
0.000000
0.000000
0.000000
0.000000
0.000000
0.000000
0.000000
0.000000
0.000000
0.000000
0.000000
0.000000
0.000000
0.000000
0.000000
0.000000
0.000000
0.000000
0.000000
0.000000
0.000000
0.000000
0.000000
0.000000
0.000000
0.000000
0.000000
0.000000
0.000000
0.000000
0.000000
0.000000
0.000000
0.000000
0.000000
0.000000
0.000000
0.000000
0.000000
0.000000
0.000000
0.000000
0.000000
0.000000
0.000000
0.000000
0.000000
0.000000
0.000000
0.000000
0.000000
0.000000
0.000000
0.000000
0.000000
0.000000
0.000000
0.000000
0.000000
0.000000
0.000000
0.000000
0.000000
0.000000
0.000000
0.000000
0.000000
0.000000
0.000000
0.000000
0.000000
0.000000
0.000000
0.000000
0.000000
0.000000
0.000000
0.000000
0.000000
0.000000
0.000000
0.000000
0.000000
0.000000
0.000000
0.000000
0.000000
0.000000
0.000000
0.000000
0.000000
0.000000
0.000000
0.000000
0.000000
0.000000
0.000000
0.000000
0.000000
0.000000
0.000000
0.000000
0.000000
0.000000
0.000000
0.000000
0.000000
0.000000
0.000000
0.000000
0.000000
0.000000
0.000000
0.000000
0.000000
0.000000
0.000000
0.000000
0.000000
0.000000
0.000000
0.000000
0.000000
0.000000
0.000000
0.000000
0.000000
0.000000
0.000000
0.000000
0.000000
0.000000
0.000000
0.000000
0.000000
0.000000
0.000000
0.000000
0.000000
0.000000
0.000000
0.000000
0.000000
0.000000
0.000000
0.000000
0.000000
0.000000
0.000000
0.000000
0.000000
0.000000
0.000000
0.000000
0.000000
0.054880
0.000000
0.000000
0.004870
0.001710
0.010780
0.000000
0.000000
0.000000
0.000000
0.000000
0.000000
0.000000
0.000170
0.001150
0.000000
0.000050
0.017260
0.004310
0.002690
0.001060
0.000190
0.001050
0.000170
0.000000
0.000000
0.000000
0.000000
0.000000
0.000570
0.001750
0.000000
0.000000
0.010880
0.000000
0.000000
0.000000
0.004080
0.000000
0.000000
0.000000
0.000000
0.000180
0.058200
0.004800
0.007400
0.000000
0.000000
0.000000
0.000510
0.000000
0.000000
0.001510
0.010890
0.000490
0.000000
0.000000
0.000000
0.000000
0.000000
0.000000
0.000000
0.001180
0.000020
0.000000
0.020820
0.004550
0.002640
0.001180
0.000150
0.000680
0.000230
0.000050
0.000000
0.000000
0.000000
0.000000
0.000000
0.001260
0.001460
0.000000
0.000000
0.315100
0.000000
0.000000
0.000000
0.000500
0.000000
0.000000
0.000000
0.000000
0.060530
0.003780
0.007170
0.000150
0.000000
0.000000
0.000000
0.000680
0.000000
0.000000
0.000000
0.000000
0.000250
0.000000
0.000040
0.000020
0.000050
0.000610
0.000000
0.000000
0.000000
0.022780
0.000000
0.000000
0.000000
0.000000
0.000000
0.000000
0.000000
0.000000
0.000140
0.000000
0.000930
0.000000
0.000000
0.000000
0.000000
0.003030
0.307210
0.000000
0.000000
0.000000
0.000000
0.000000
0.001330
0.000430
0.000740
0.059530
0.000000
0.000000
0.000000
0.000000
0.000000
0.000000
0.000000
0.000000
0.001140
0.000000
0.000000
0.000000
0.000000
0.000000
0.000000
0.000000
0.000000
0.000000
0.000000
0.017690
0.000000
0.000660
0.000000
0.000000
0.000000
0.000020
0.000000
0.000160
0.000000
0.000000
0.000000
0.000000
0.000000
0.000000
0.000980
0.000000
0.000000
0.000000
0.000000
0.000000
0.000000
0.000000
0.001630
0.000000
0.000000
0.000000
0.000000
0.000000
0.000000
0.000000
0.000000
0.000000
0.000000
0.000000
0.000150
0.000000
0.000000
0.000000
0.000000
0.000000
0.000000
0.000000
0.000000
0.000000
0.000000
0.000690
0.000000
0.005490
0.000000
0.000000
0.000000
0.000040
0.000000
0.000220
0.000000
0.000000
0.000000
0.000000
0.000000
0.000000
0.001950
0.000000
0.000000
0.000000
0.000000
0.000000
0.000000
0.000000
0.001510
0.000000
0.000000
0.000000
0.000000
0.000000
0.000000
0.000000
0.000000
0.000000
0.000000
0.000000
0.000000
0.000000
0.000670
0.000000
0.001080
0.000410
0.000490
0.000700
0.000000
0.000000
0.000000
0.007470
0.000000
0.000000
0.000000
0.000000
0.000000
0.000000
0.000000
0.000000
0.009340
0.000000
0.004650
0.000000
0.000000
0.000000
0.000000
0.354390
0.001010
0.000000
0.000000
0.000000
0.000000
0.000000
0.011120
0.007430
0.001710
0.000120
0.000000
0.000000
0.000000
0.000000
0.000000
0.000000
0.000000
0.001060
0.000000
0.000000
0.000000
0.000000
0.000000
0.000000
0.000000
0.010110
0.005250
0.000000
0.000040
0.000470
0.000010
0.000010
0.000000
0.000090
0.000100
0.011090
0.000000
0.000000
0.000000
0.000000
0.000000
0.006430
0.502210
0.000000
0.000000
0.000280
0.000000
0.000000
0.000000
0.002560
0.000000
0.000000
0.000000
0.000000
0.000180
0.000160
0.000430
0.000190
0.000000
0.000000
0.000000
0.000000
0.000000
0.000000
0.000000
0.000000
0.000000
0.000000
0.000000
0.000230
0.000000
0.000500
0.000000
0.000000
0.000000
0.000030
0.000000
0.010250
0.000000
0.000000
0.000000
0.000000
0.000000
0.000000
0.484180
0.000000
0.000000
0.000000
0.000000
0.000000
0.000000
0.000000
0.001690
0.000000
0.000000
0.000000
0.000000
0.000000
0.000000
0.000000
0.000000
0.000000
0.000000
0.000000
0.000010
0.000090
0.000460
0.004440
0.004750
0.017320
0.000000
0.000000
0.000260
0.000000
0.000000
0.000000
0.000000
0.000000
0.000000
0.000000
0.000000
0.000730
0.026590
0.019590
0.331720
0.287630
0.000000
0.000000
0.000000
0.000190
0.000000
0.000230
0.000460
0.001500
0.000000
0.000040
0.000090
0.001300
0.000780
0.000000
0.000000
0.000000
0.000000
0.000000
0.000000
0.000000
0.000380
0.005660
0.006250
0.021170
0.000000
0.000000
0.000000
0.000060
0.000000
0.000000
0.000000
0.000000
0.000000
0.000000
0.000000
0.000000
0.019840
0.000000
0.514310
0.000000
0.000000
0.000000
0.000000
0.000260
0.002920
0.000000
0.000000
0.000000
0.000000
0.000000
0.000120
0.001910
0.001570
0.000170
0.000000
0.000000
0.000000
0.000000
0.000000
0.000000
0.000000
0.004830
0.018240
0.000060
0.000000
0.000000
0.000000
0.000080
0.000000
0.000000
0.000000
0.000000
0.000000
0.000000
0.000000
0.000000
0.789780
0.000000
0.011010
0.000000
0.000000
0.000000
0.000000
0.002820
0.000200
0.000000
0.000000
0.000000
0.000000
0.000000
0.001920
0.001520
0.000230
0.000000
0.000000
0.000000
0.000000
0.000000
0.000000
0.000000
0.000000
0.000000
0.000000
0.000000
0.000020
0.000060
0.000000
0.000040
0.000030
0.000000
0.000050
0.000120
0.064990
0.000740
0.850470
0.000000
0.000000
0.000000
0.000000
0.000000
0.000000
0.001330
0.000000
0.000000
0.000020
0.000000
0.000000
0.000000
0.000010
0.000000
0.000000
0.000000
0.000000
0.000010
0.000000
0.000010
0.000030
0.000000
0.000000
0.000000
0.000000
0.000000
0.000000
0.000690
0.000000
0.000020
0.000000
0.000000
0.000000
0.074660
0.000000
0.849810
0.000000
0.000000
0.000000
0.000000
0.000000
0.000000
0.001060
0.000000
0.000000
0.000000
0.000000
0.000000
0.000000
0.000000
0.000010
0.000000
0.000000
0.000000
0.000000
0.000000
0.000000
0.000000
0.000000
0.000000
0.000000
0.000000
0.000000
0.000940
0.000030
0.000000
0.000020
0.000020
0.000080
0.077970
0.011590
0.850310
0.000780
0.000360
0.000000
0.000000
0.000000
0.000000
0.000000
0.000000
0.000010
0.000000
0.000000
0.000000
0.000000
0.000000
0.000000
0.000000
0.000000
0.000000
0.000000
0.000000
0.000000
0.000020
0.000140
0.002040
0.000000
0.000000
0.000000
0.000030
0.000040
0.000000
0.000020
0.000090
0.078610
0.097610
0.756680
0.001440
0.000230
0.000200
0.000000
0.000000
0.000000
0.000000
0.000000
0.000000
0.000000
0.000000
0.000000
0.000030
0.000000
0.000000
0.000000
0.000000
0.000000
0.000000
0.000000
0.000000
0.000020
0.000140
0.002120
0.000610
0.000000
0.000000
0.000000
0.000020
0.000000
0.000100
0.076270
0.104500
0.758320
0.001650
0.000190
0.000270
0.000000
0.000000
0.000000
0.000000
0.000000
0.000000
0.000010
0.000000
0.000000
0.000000
0.000000
0.000000
0.000000
0.000000
0.000000
0.000000
0.000000
0.000000
0.000000
0.000130
0.002110
0.000640
0.000110
0.000000
0.000000
0.000000
0.000000
0.054710
0.105410
0.731700
0.002100
0.000110
0.000300
0.000000
0.000010
0.000000
0.000000
0.000000
0.000000
0.000000
0.000000
0.000080
0.000000
0.000000
0.000020
0.000000
0.000000
0.000000
0.000000
0.000000
0.000000
0.000000
0.000000
0.002020
0.000630
0.000110
0.000000
0.000000
0.000000
0.000000
0.101310
0.000000
0.000000
0.000000
0.000290
0.000000
0.000010
0.000000
0.000000
0.000000
0.000000
0.000000
0.000000
0.000070
0.000000
0.000000
0.000000
0.000000
0.000000
0.000000
0.000000
0.000000
0.000000
0.000000
0.000000
0.000000
0.000000
0.000000
0.000000
0.000000
0.000000
0.000000
0.000000
0.000000
0.000000
0.000000
0.000000
0.000000
0.000000
0.000000
0.000010
0.000000
0.000080
0.000000
0.000000
0.000000
0.000000
0.000010
0.000110
0.000000
0.000000
0.000000
0.000000
0.000000
0.000030
0.000650
0.000140
0.000270
0.000000
0.000000
0.000000
0.000000
0.000000
0.000000
0.000000
0.000000
0.000000
0.000000
0.000000
0.000000
0.000000
0.000010
0.000080
0.000000
0.000010
0.000000
0.000000
0.000000
0.000120
0.000000
0.000000
0.001050
0.000010
0.000030
0.000000
0.000630
0.000090
0.000100
0.000030
0.000000
0.000000
0.000000
0.000000
0.000000
0.000000
0.000000
0.000000
0.000000
0.000010
0.000000
0.000090
0.000000
0.000000
0.000000
0.000000
0.000000
0.000000
0.000180
0.000000
0.000000
0.001210
0.000000
0.000000
0.000000
0.000620
0.000000
0.000000
0.000000
0.000000
0.001680
0.000150
0.000020
0.000010
0.000000
0.000000
0.000000
0.000000
0.000000
0.000000
0.000000
0.000000
0.000040
0.000000
0.000080
0.000000
0.000000
0.000000
0.000000
0.001030
0.000000
0.000050
0.000040
0.000540
0.000000
0.000020
0.000010
0.000100
0.002080
0.000000
0.000000
0.000000
0.000000
0.000000
0.000000
0.000000
0.000000
0.000000
0.000000
0.000040
0.000000
0.000080
0.000000
0.000000
0.000000
0.000000
0.000920
0.000470
0.000000
0.000000
0.000000
0.000000
0.000000
0.000020
0.000160
0.003050
0.000740
0.000000
0.000000
0.000000
0.000000
0.000000
0.000000
0.000000
0.000000
0.000000
0.000010
0.000000
0.000050
0.000000
0.000000
0.000000
0.000000
0.000440
0.000360
0.000000
0.000000
0.000000
0.000000
0.000000
0.000170
0.003150
0.000740
0.000560
0.000000
0.000000
0.000000
0.000000
0.000000
0.000000
0.000000
0.000000
0.000080
0.000000
0.000280
0.000000
0.000000
0.000000
0.000000
0.000360
0.000060
0.000000
0.000000
0.000000
0.000000
0.000000
0.003090
0.000760
0.000650
0.000110
0.000000
0.000000
0.000000
0.000000
0.000000
0.000000
0.000000
0.000000
0.000280
0.000020
0.000810
0.000040
0.000000
0.000000
0.000040
0.000090
0.000000
0.000070
0.000040
0.000070
0.000000
0.000560
0.000660
0.000130
0.000070
0.000000
0.000000
0.000000
0.000000
0.000000
0.000000
0.000000
0.000000
0.001060
0.000000
0.000000
0.000000
0.000000
0.000150
0.000450
0.000000
0.000000
0.000000
0.000000
0.000000
0.000730
0.000130
0.000260
0.000020
0.000000
0.000000
0.000000
0.000000
0.000000
0.000000
0.000000
0.000020
0.000200
0.000010
0.000000
0.000000
0.000200
0.002660
0.000000
0.000170
0.000250
0.000190
0.000000
0.000110
0.000300
0.000060
0.000000
0.000000
0.000000
0.000000
0.000000
0.000000
0.000000
0.000000
0.000000
0.000000
0.000000
0.000000
0.004390
0.000090
0.000000
0.000000
0.000000
0.000000
0.000000
0.000340
0.000080
0.000010
0.000000
0.000000
0.000000
0.000000
0.000000
0.000000
0.000000
0.000000
0.000000
0.000040
0.005620
0.000000
0.000000
0.003570
0.000000
0.000000
0.000000
0.000230
0.000000
0.000000
0.000000
0.000000
0.000060
0.000040
0.000200
0.000080
0.000000
0.000000
0.000000
0.005280
0.000000
0.000000
0.000000
0.000000
0.000000
0.000000
0.000000
0.000330
0.000000
0.000000
0.000000
0.000000
0.000000
0.000000
0.000000
0.000000
0.000000
0.000000
0.000000
0.001130
0.000000
0.000000
0.005410
0.000000
0.000000
0.000000
0.000110
0.000000
0.000000
0.000000
0.000000
0.000550
0.000150
0.000230
0.000210
0.000000
0.000000
0.000000
0.000000
0.000000
0.000000
0.000000
0.000000
0.000000
0.000140
0.000000
0.000000
0.000000
0.000000
0.000000
0.000000
0.000000
0.000000
0.000000
0.000000
0.000000
0.000000
0.000000
0.000000
0.000000
0.000000
0.000760
0.000000
0.000000
0.000000
0.000000
0.000000
0.000000
0.000000
0.000000
0.000000
0.000000
0.000000
0.000000
0.000200
0.000050
0.000490
0.000000
0.000210
0.006570
0.001240
0.000370
0.000000
0.000000
0.000000
0.000000
0.000000
0.000000
0.000000
0.000000
0.000000
0.000000
0.000000
0.011390
0.001490
0.001690
0.000030
0.000000
0.000000
0.000000
0.000000
0.000000
0.000000
0.000000
0.000000
0.000000
0.014660
0.000000
0.000000
0.000000
0.000000
0.000230
0.071490
0.001920
0.000690
0.000000
0.000000
0.000000
0.000000
0.002240
0.000000
0.000000
0.000000
0.000000
0.082550
0.001550
0.000600
0.000100
0.000000
0.000000
0.000000
0.000000
0.009960
0.003560
0.007160
0.080160
0.000000
0.000000
0.000000
0.000000
0.000000
0.000000
0.000000
0.000000
0.000000
0.000000
0.000000
0.000000
0.000000
0.000000
0.000000
0.000000
0.000000
0.000000
0.000000
0.000000
0.000000
0.000000
0.000000
0.000000
0.000000
0.000000
0.000000
0.000000
0.000000
0.000000
0.000000
0.000000
0.000000
0.000000
0.000000
0.000000
0.000000
0.000070
0.000000
0.000000
0.000000
0.000000
0.000000
0.000000
0.000000
0.000070
0.000620
0.003350
0.010340
0.000000
0.000000
0.000000
0.003220
0.010580
0.002350
0.000000
0.000000
0.000000
0.002230
0.000410
0.000000
0.000000
0.000000
0.000060
0.000000
0.000000
0.000000
0.000000
0.000000
0.000000
