0.028	2832
0.031	2816
0.029	2736
0.030	2736
0.040	2736
0.039	2736
0.040	2736
0.040	2736
0.040	2752
0.027	2784
0.028	2832
0.041	2720
0.039	2768
0.048	2720
0.048	2784
0.028	3104
0.029	2784
0.028	3008
0.029	2720
0.029	2768
0.031	2720
0.040	2720
0.040	2800
0.039	2720
0.039	2784
0.020	2736
0.018	2784
0.011	2832
0.012	2912
0.025	2832
0.028	2720
0.028	2752
0.028	2752
0.019	2752
0.041	2784
0.018	2752
0.041	2800
0.039	2752
0.039	2848
0.040	2752
0.019	2992
0.020	3104
0.018	3088
0.011	2816
0.035	2816
0.005	2720
0.010	2736
0.035	2752
0.028	2752
0.041	2720
0.017	2704
0.018	2832
0.011	2832
0.047	2784
0.017	2880
0.014	4016
0.010	2704
0.010	2800
0.026	2736
0.005	2768
0.005	2752
0.008	2752
0.005	2752
0.014	2800
0.025	2832
0.042	2784
0.005	2720
0.027	2720
0.005	2704
0.010	2752
0.025	2704
0.005	2768
0.011	2864
0.005	2736
0.005	2800
0.005	2736
0.005	2736
0.005	2736
0.005	2736
0.005	2736
0.005	2736
0.005	2752
0.014	2720
0.005	2720
0.040	2752
0.025	2720
0.005	2736
0.011	2784
0.025	2832
0.005	2736
0.019	2720
0.021	2848
0.041	2752
0.041	2720
0.040	2720
0.027	2720
0.028	2832
0.041	2800
0.018	2832
0.027	2752
0.029	2752
0.028	2832
0.028	2720
0.040	2720
0.027	3168
0.005	2736
0.047	2720
0.038	2832
0.038	2768
0.028	2720
0.005	2736
0.036	2768
0.029	2800
0.018	2768
0.018	2864
0.005	2736
0.025	2736
0.040	2768
0.039	2864
0.022	3040
0.005	2720
0.035	2720
0.006	2928
0.035	2720
0.040	2720
0.040	2768
0.039	2768
0.040	2768
0.020	2736
0.018	4224
0.025	2752
0.028	2816
0.030	2768
0.041	2768
0.006	2752
0.035	2752
0.028	2784
0.041	2752
0.017	2752
0.010	2752
0.011	2896
0.025	2864
0.009	3584
0.010	2752
0.011	2736
0.010	2736
0.005	2848
0.005	2752
0.013	2752
0.005	2736
0.039	2752
0.024	2752
0.040	2848
0.017	2736
0.041	2720
0.040	2752
0.005	2720
0.011	2928
0.035	2784
0.005	2704
0.025	3392
0.006	2832
0.011	2736
0.047	2784
0.005	2704
0.024	2704
0.004	2704
0.022	2816
0.014	2736
0.006	2832
0.029	2832
0.005	2720
0.025	2768
0.022	2928
0.024	2800
0.018	2736
0.019	2864
0.015	4368
0.020	4256
0.005	2800
0.005	2768
0.006	2880
0.013	2752
0.005	2768
0.005	2880
0.014	3360
0.011	2768
0.012	3728
0.013	3664
0.014	2720
0.005	2736
0.039	2880
0.024	2752
0.012	3696
0.025	3936
0.018	2816
0.010	3648
0.012	2960
0.014	2784
0.022	2736
0.040	2736
0.020	2736
0.040	2832
0.005	2928
0.011	2768
0.024	2752
0.040	2784
0.022	2784
0.028	2720
0.019	2768
0.028	2720
0.040	2864
0.039	2736
0.041	2800
0.039	2976
0.040	2752
0.039	2864
0.018	2736
0.042	2768
0.028	2784
0.018	2720
0.028	2752
0.040	2832
0.040	2720
0.039	2720
0.039	2832
0.012	3520
0.047	2880
0.040	2832
0.040	2832
0.043	2752
0.005	2816
0.035	2864
0.006	3056
0.010	2736
0.010	2736
0.012	2832
0.026	2784
0.006	2816
0.010	2752
0.005	2768
0.014	2752
0.006	2832
0.012	2832
0.034	2928
0.007	2992
0.026	2928
0.006	2816
0.028	2992
0.014	2784
0.006	3008
0.005	2736
0.030	2784
0.023	2768
0.028	2736
0.019	2768
0.005	2768
0.012	2960
0.032	2848
0.024	2832
0.028	2784
0.043	2784
0.021	2736
0.029	2736
0.028	2736
0.019	2864
0.047	2896
0.040	2784
0.039	2736
0.021	2736
0.018	2784
0.028	2864
0.041	2800
0.040	2752
0.006	3008
0.027	2752
0.018	2880
0.029	2752
0.005	2752
0.011	2800
0.011	2928
0.025	2736
0.019	3696
0.016	3248
0.005	2800
0.015	2864
0.006	2800
0.034	2864
0.037	2976
0.011	3648
0.012	2880
0.012	3008
0.005	2768
0.007	3216
0.006	2816
0.006	2768
0.014	2784
0.011	3408
0.029	2880
0.005	2768
0.011	2816
0.027	3376
0.011	3424
0.011	3344
0.005	2976
0.005	2784
0.005	2816
0.008	3184
0.010	3600
0.012	3424
0.014	2928
0.006	2944
0.020	2752
0.011	3088
0.017	3504
0.014	2752
0.022	2752
0.018	2944
0.019	3376
0.028	2720
0.005	2768
0.032	3088
0.006	3024
0.015	3488
0.009	3232
0.009	3200
0.005	2752
0.014	2736
0.025	2736
0.041	2880
0.007	3152
0.027	2864
0.028	2784
0.009	3168
0.010	2752
0.011	2896
0.025	4064
0.005	2768
0.015	3056
0.005	3024
0.008	3184
0.014	2848
0.027	2752
0.018	2768
0.028	2816
0.041	2864
0.039	2864
0.039	2784
0.018	2816
0.018	3440
0.016	3152
0.025	2928
0.009	3392
0.014	2992
0.013	3104
0.014	2720
0.006	2832
0.022	2928
0.006	2800
0.022	2848
0.006	3056
0.005	2752
0.021	2880
0.047	3136
0.027	3152
0.011	3616
0.011	3440
0.012	3424
0.012	3568
0.006	2896
0.014	2912
0.023	2720
0.017	2768
0.027	2992
0.019	2768
0.040	2864
0.005	2736
0.024	2928
0.007	2976
0.011	2832
0.014	3936
0.010	2752
0.005	2832
0.005	2816
0.011	3456
0.011	3424
0.011	3520
0.005	2736
0.008	3264
0.005	2768
0.005	2736
0.014	2816
0.023	2784
0.026	2784
0.040	2752
0.018	3408
0.018	3440
0.025	2720
0.029	2784
0.005	2720
0.011	2848
0.017	3120
0.011	2832
0.005	2784
0.013	4272
0.010	3312
0.005	2768
0.014	2832
0.007	3040
0.023	2752
0.005	2752
0.022	2944
0.015	2752
0.011	3584
0.016	3616
0.016	3216
0.011	3424
0.010	3408
0.011	3488
0.011	3440
0.007	3296
0.013	2800
0.026	2784
0.026	3120
0.006	2864
0.025	2992
0.018	3232
0.041	2800
0.007	2928
0.012	2768
0.021	2864
0.006	2896
0.006	2864
0.005	2736
0.005	2736
0.005	2736
0.005	2736
0.005	2704
0.014	2720
0.022	2752
0.040	2736
0.018	3440
0.009	3456
0.012	2864
0.012	3040
0.026	2864
0.006	2864
0.006	3008
0.006	2864
0.006	3264
0.006	2864
0.005	2896
0.005	2736
0.014	4320
0.014	4224
0.014	2864
0.014	4208
0.011	2864
0.038	2752
0.022	2752
0.029	2816
0.041	2816
0.028	2816
0.019	2864
0.029	2784
0.041	2752
0.017	3056
0.006	2864
0.011	2944
0.047	3072
0.040	3072
0.040	3984
0.006	2864
0.035	2960
0.006	2848
0.027	2864
0.006	2752
0.011	2880
0.011	2880
0.011	2768
0.011	2768
0.011	2832
0.016	3712
0.019	2896
0.026	2832
0.006	2848
0.025	2880
0.008	3232
0.013	2992
0.011	3504
0.014	2768
0.012	3488
0.030	2720
0.008	3184
0.013	2976
0.038	2896
0.005	2736
0.026	2736
0.022	2752
0.011	3984
0.010	2736
0.011	3488
0.019	2768
0.005	2736
0.035	2864
0.026	2736
0.020	2736
0.006	2928
0.035	2816
0.043	2816
0.008	3120
0.014	3328
0.011	2864
0.035	2752
0.021	2752
0.018	2928
0.025	2864
0.014	3120
0.011	2832
0.006	2960
0.015	2800
0.008	2992
0.027	2768
0.005	2768
0.010	2832
0.005	2768
0.006	2992
0.005	2752
0.006	2752
0.005	2736
0.005	2736
0.005	2736
0.005	2736
0.005	2752
0.006	2816
0.005	2768
0.011	3664
0.011	3616
0.008	3360
0.008	3216
0.005	2704
0.005	2704
0.005	2704
0.010	3392
0.012	3424
0.014	2784
0.027	2816
0.026	2816
0.028	2816
0.041	2816
0.027	2816
0.018	3616
0.011	3376
0.025	3392
0.016	3104
0.035	2816
0.029	2800
0.040	2800
0.039	2736
0.041	2800
0.017	3360
0.018	3360
0.009	3376
0.025	3072
0.019	3408
0.040	2880
0.028	2880
0.006	2928
0.011	2832
0.025	2832
0.011	2832
0.011	2992
0.011	2832
0.005	2864
0.013	2720
0.006	2960
0.011	2832
0.022	2976
0.006	2832
0.006	2880
0.013	2720
0.005	2768
0.040	2752
0.025	2896
0.028	2912
0.018	3040
0.018	2864
0.026	3712
0.011	2864
0.011	2768
0.020	2928
0.008	3184
0.013	2896
0.027	3056
0.005	2720
0.014	2768
0.025	2752
0.018	2720
0.041	3024
0.039	3216
0.021	2864
0.018	2880
0.047	2944
0.020	2832
0.010	3488
0.032	2736
0.005	2752
0.025	2736
0.018	4416
0.014	3104
0.009	3360
0.008	3328
0.027	3312
0.028	3488
0.025	3024
0.030	3024
0.029	3024
0.005	2720
0.027	2880
0.005	2720
0.048	2752
0.040	2720
0.005	2768
0.047	2768
0.040	2752
0.005	2736
0.025	2960
0.040	2848
0.017	3536
0.012	3536
0.017	3296
0.017	3136
0.018	3184
0.016	3152
0.006	2816
0.007	3152
0.005	2768
0.011	3712
0.010	3872
0.008	3536
0.005	2848
0.012	3712
0.008	3200
0.004	2704
0.014	2928
0.005	2864
0.016	3472
0.011	2800
0.005	2736
0.005	2736
0.005	2816
0.009	3024
0.013	2864
0.026	2864
0.028	2752
0.005	2720
0.036	2752
0.030	2816
0.028	2768
0.005	2752
0.026	3840
0.018	3280
0.014	3040
0.016	3072
0.013	2960
0.020	2912
0.007	3056
0.035	3008
0.032	2704
0.012	2832
0.022	2976
0.006	2880
0.006	2976
0.005	2768
0.014	2752
0.006	2768
0.025	2976
0.005	2768
0.029	3008
0.010	3456
0.006	3008
0.006	2864
0.006	3200
0.011	3456
0.005	2752
0.008	3264
0.011	3440
0.008	3232
0.007	2928
0.014	2816
0.007	3040
0.022	2752
0.006	2864
0.023	2752
0.006	2832
0.006	3056
0.006	2880
0.006	2880
0.006	2880
0.006	3008
0.006	3056
0.006	2880
0.006	3184
0.006	2880
0.006	2992
0.006	2880
0.006	2960
0.014	2784
0.026	2768
0.041	2752
0.005	2736
0.011	2864
0.025	2736
0.005	2784
0.019	2752
0.024	2720
0.018	3200
0.025	3456
0.014	2992
0.020	2864
0.006	2864
0.032	2720
0.024	2784
0.041	2720
0.007	2896
0.035	2752
0.022	2736
0.040	2736
0.021	2736
0.041	2784
0.027	2784
0.041	2896
0.028	2928
0.029	2784
0.009	3376
0.011	2816
0.010	2736
0.010	2736
0.047	2736
0.018	3072
0.008	3104
0.014	2912
0.013	2960
0.008	3184
0.007	3088
0.007	2912
0.007	3200
0.009	3136
0.008	2960
0.009	3008
0.007	2912
0.007	3008
0.008	3168
0.008	3344
0.007	3168
0.008	3072
0.007	3024
0.007	3216
0.008	3072
0.007	3024
0.007	3296
0.008	3072
0.007	3056
0.008	3120
0.007	3056
0.007	2912
0.024	3280
0.015	3520
0.009	3408
0.009	3120
0.007	3056
0.011	3712
0.013	3536
0.011	3744
0.011	3712
0.010	3664
0.009	3184
0.009	3152
0.007	3184
0.007	3056
0.006	2992
0.007	3088
0.006	2816
0.007	3232
0.008	3072
0.007	3088
0.007	2976
0.007	3088
0.009	3072
0.008	3104
0.007	3056
0.009	3168
0.008	3072
0.007	3024
0.007	3232
0.009	3136
0.009	3152
0.007	3184
0.008	3104
0.007	2944
0.008	3264
0.010	3664
0.018	4320
0.011	3568
0.016	4544
0.015	4144
0.017	4048
0.015	3968
0.014	3904
0.017	4368
0.011	3472
0.010	3504
0.015	3904
0.014	3920
0.014	4112
0.012	3760
0.014	4112
0.013	3536
0.013	4112
0.010	3456
0.010	3440
0.011	3632
0.009	3296
0.011	3168
0.010	3456
0.011	3696
0.011	3520
0.011	3408
0.011	3360
0.019	3408
0.025	3408
0.025	3184
0.015	3088
0.016	3504
0.017	3200
0.011	3328
0.010	3584
0.006	2944
0.007	2944
0.007	3248
0.016	2896
0.007	2944
0.023	2880
0.006	2896
0.027	2880
0.006	2944
0.006	3120
0.016	2912
0.006	2928
0.007	2960
0.012	2864
0.035	2880
0.007	3152
0.029	3216
0.007	2992
0.026	2864
0.007	2928
0.036	2912
0.006	2864
0.012	2880
0.038	3056
0.007	2960
0.012	2864
0.024	2864
0.015	4352
0.007	2928
0.006	2928
0.007	2960
0.007	3408
0.006	2864
0.015	2912
0.007	3040
0.012	2928
0.012	2864
0.006	3088
0.015	2912
0.006	2864
0.006	2896
0.014	3104
0.013	2944
0.008	2976
0.008	3072
0.008	3168
0.007	3008
0.008	3072
0.009	3120
0.008	3056
0.008	3072
0.006	2912
0.006	2832
0.007	2928
0.006	2832
0.006	2832
0.015	3008
0.006	3024
0.027	2832
0.006	2832
0.012	2880
0.007	3280
0.006	2832
0.006	2976
0.006	2832
0.006	2928
0.006	2992
0.006	2832
0.007	3136
0.006	2832
0.006	2832
0.007	2896
0.006	2832
0.006	2928
0.007	2864
0.006	3024
0.006	2832
0.007	2832
0.015	2880
0.006	2832
0.027	2832
0.006	2896
0.012	2832
0.006	2832
0.006	2832
0.006	2960
0.006	2832
0.008	3440
0.007	3104
0.007	3232
0.009	3408
0.008	3200
0.009	3200
0.008	3472
0.008	3296
0.008	3248
0.008	3504
0.008	3216
0.008	3216
0.008	3440
0.017	3296
0.018	3984
0.023	4368
0.023	4032
0.018	4544
0.019	4448
0.018	4592
0.018	4512
0.008	3264
0.008	3264
0.012	3840
0.012	3840
0.011	3488
0.012	3680
0.011	3440
0.012	3696
0.012	3600
0.012	3648
0.012	3648
0.013	3440
0.011	3584
0.011	3520
0.012	3360
0.012	3552
0.011	3632
0.012	3104
0.012	3216
0.010	3424
0.009	3616
0.010	3504
0.010	3584
0.012	3632
0.011	3408
0.010	3104
0.016	4320
0.011	3296
0.014	4128
0.017	4048
0.017	4496
0.013	4192
0.014	4272
0.014	3712
0.012	3600
0.012	3776
0.013	4208
0.015	4400
0.014	4304
0.013	4128
0.018	3360
0.016	3936
0.015	3120
0.016	3216
0.013	3456
0.014	4240
0.011	3712
0.017	3968
0.016	4240
0.012	3760
0.014	4208
0.010	3616
0.011	3408
0.010	3776
0.012	3696
0.012	3584
0.012	3552
0.010	3424
0.012	3664
0.010	3648
0.013	3872
0.013	4160
0.013	4000
0.014	4336
0.014	4224
0.014	4096
0.017	4384
0.014	4416
0.017	4448
0.013	3824
0.013	3504
0.013	3456
0.011	3568
0.011	3440
0.014	4336
0.011	3664
0.010	3424
0.011	3616
0.011	3440
0.012	3744
0.011	3536
0.011	3456
0.015	4416
0.017	4448
0.015	4304
0.015	3520
0.015	4128
0.015	4464
0.011	3712
0.012	3904
0.013	3696
0.150	10848
0.153	13184
0.197	14528
0.282	14448
0.273	17168
0.223	15712
0.319	20064
0.313	19856
0.093	10624
0.239	17680
0.212	13392
0.412	23408
0.194	13584
0.269	18832
0.197	14640
0.381	18976
0.261	18096
0.486	19920
0.202	14976
0.385	20944
0.631	32848
0.497	22928
0.514	25632
0.116	11584
0.444	24304
0.337	19904
0.451	24320
0.473	25744
0.510	22912
0.506	26000
0.530	26176
0.474	24752
0.370	21408
0.201	14800
0.407	22544
0.327	19792
0.268	16096
0.467	24416
0.286	19552
0.528	27184
0.278	18560
0.226	15856
0.262	14848
0.429	23408
0.465	19552
0.069	8512
0.333	20208
0.123	10464
0.500	21040
0.500	25232
0.275	19216
0.275	17776
0.319	20400
0.311	18992
0.226	13168
0.377	20256
0.382	18416
0.168	13120
0.515	24112
0.511	25312
0.510	20160
0.384	21824
0.729	33632
0.378	21776
0.208	13712
0.316	15584
0.380	22512
0.255	17664
0.373	18768
0.314	20608
0.276	18448
0.205	15104
0.210	13152
0.504	26608
0.219	12576
0.138	10144
0.264	18624
0.324	20848
0.256	15472
0.218	15408
0.207	14848
0.330	20624
0.207	13952
0.204	14816
0.357	18336
0.514	20992
0.596	26640
0.664	36128
0.358	17136
0.394	20896
0.195	13600
0.426	20880
0.234	15824
0.377	19952
0.376	22528
0.248	17728
0.411	23744
0.257	15776
0.264	18896
0.137	9856
0.206	12592
0.303	18528
0.372	20832
0.228	15776
0.216	14672
0.205	14960
0.182	12448
0.196	14768
0.170	12592
0.184	12496
0.206	13856
0.264	18656
0.316	17648
0.201	12832
0.224	13856
0.246	15104
0.212	15472
0.257	15248
0.322	20688
0.225	15888
0.242	13360
0.183	12544
0.281	15152
0.384	22544
0.269	15632
0.407	21648
0.271	18720
0.305	16960
0.362	20160
0.386	20144
0.307	19456
0.742	34560
0.244	16528
0.246	16544
0.261	18096
0.245	17344
0.312	19600
0.389	17888
0.547	28064
0.363	18096
0.186	14496
0.426	20880
0.153	12848
0.094	9680
0.260	16848
0.255	18448
0.256	18496
0.254	15904
0.256	16016
0.309	18672
0.322	19968
0.287	19424
0.231	16416
0.218	15920
0.294	20192
0.304	16320
0.333	17376
0.304	19984
0.268	19872
0.231	17632
0.276	14896
0.200	13488
0.247	17824
0.284	15952
0.527	21248
0.328	20384
0.271	18720
0.419	23360
0.437	24288
0.399	22032
0.552	24176
0.349	20912
0.242	13136
0.123	9664
0.492	25696
0.217	13184
0.389	23472
0.499	26304
0.128	11936
0.514	24048
0.263	18576
0.119	9600
0.217	13984
0.220	14416
0.355	21952
0.251	13232
0.181	12816
0.202	14464
0.204	12720
0.202	12784
0.117	9056
0.590	27936
0.538	27952
0.120	11008
0.287	18752
0.241	15936
0.170	13872
0.208	14144
0.146	11680
0.145	13024
0.230	14272
0.332	18176
0.703	34512
0.257	18288
0.148	12912
0.334	20880
0.337	17808
0.427	24336
0.242	15872
0.193	14832
0.167	12208
0.217	13536
0.165	13968
0.413	21408
0.424	23616
0.413	19328
0.206	14080
0.212	15488
0.340	20976
0.270	16096
0.230	15664
0.205	13664
0.334	17712
0.211	15504
0.234	15120
0.264	19024
0.227	13232
0.277	15520
0.342	17840
0.274	15936
0.449	24368
0.067	8064
0.791	30560
0.272	18560
0.187	13792
0.446	23424
0.444	23360
0.249	17632
0.112	9552
0.424	19424
0.211	12800
0.271	17952
0.245	15536
0.385	18528
0.234	16192
0.201	14864
0.267	18096
0.223	15312
0.200	15232
0.246	15520
0.394	22720
0.273	16176
0.251	15312
0.268	16304
0.273	17744
0.211	13408
0.270	13152
0.238	14576
0.237	15584
0.258	18576
0.273	17840
0.209	13024
0.472	20080
0.312	20704
0.282	19632
0.365	22336
0.219	15792
0.285	18816
0.224	15472
0.651	31952
0.208	14112
0.235	16160
0.482	25120
0.152	11040
0.749	30320
0.474	23152
0.577	21856
0.269	15984
0.374	18176
0.236	17664
0.479	20128
0.317	20096
0.326	16832
0.380	21920
0.433	24240
0.286	15792
0.297	19456
0.296	16368
0.328	17120
0.294	19600
0.300	19376
0.296	19648
0.340	20960
0.328	20512
0.383	18368
0.331	19440
0.730	33712
0.387	22000
0.489	24640
0.472	19792
0.273	18272
0.327	18768
0.113	11536
0.284	17872
0.285	16880
0.282	19504
0.283	19536
0.302	19136
0.435	18928
0.171	14224
0.352	18928
0.225	15232
0.457	20848
0.170	14448
0.418	20272
0.462	21232
0.122	10256
0.201	13936
0.351	17792
0.446	24672
0.230	15024
0.169	11440
0.348	20528
0.558	25632
0.111	9328
0.146	12624
0.232	15808
0.137	11152
0.404	22400
0.404	19952
0.123	11648
0.417	21744
0.170	12400
0.306	19536
0.302	16352
0.304	16848
0.305	17008
0.318	18640
0.132	11936
0.208	13600
0.125	10016
0.411	23840
0.224	16048
0.231	17648
0.260	18736
0.245	13120
0.315	19584
0.192	12768
0.200	11984
0.260	18864
0.201	13088
0.246	12688
0.247	17968
0.212	13184
0.208	15312
0.304	16736
0.314	16496
0.287	19440
0.259	15072
0.236	12944
0.278	18928
0.220	14000
0.204	11936
0.283	18624
0.265	15552
0.202	14528
0.253	15392
0.291	15888
0.225	15488
0.419	19552
0.235	12256
0.226	13488
0.236	13472
0.200	14304
0.200	14176
0.273	18480
0.317	18960
0.201	13104
0.313	19632
0.424	20016
0.204	14816
0.294	18976
0.217	14832
0.252	12896
0.231	17584
0.190	13536
0.138	12336
0.192	14544
0.255	18176
0.234	17536
0.324	16480
0.210	15376
0.239	14176
0.263	18736
0.441	19552
0.272	15984
0.170	11792
0.258	18592
0.204	12512
0.270	18496
0.227	13088
0.333	19440
0.301	16976
0.289	19200
0.313	20416
0.180	13056
0.440	21360
0.115	11552
0.214	15584
0.239	14144
0.197	12496
0.252	17120
0.371	22016
0.231	14928
0.192	13472
0.444	24656
0.346	17920
0.226	15472
0.331	17840
0.211	14800
0.111	11104
0.195	15024
0.195	13520
0.213	14864
0.365	19840
0.342	20976
0.411	22592
0.080	9216
0.156	10416
0.213	14800
0.627	32480
0.726	32704
0.428	24304
0.024	5136
0.023	5152
0.025	5152
0.022	5104
0.025	5216
0.024	5104
0.025	5120
0.033	5264
0.039	5440
0.025	4704
0.146	12784
0.153	11712
0.139	10128
0.160	12736
0.806	36688
0.306	16304
0.617	31936
0.470	25296
0.534	27456
0.524	22448
0.559	22448
0.475	22256
0.326	17616
0.361	20816
0.735	33792
0.820	35232
0.738	30448
0.189	13200
0.229	13504
0.171	13072
0.153	13088
0.168	12896
0.181	12096
0.740	34704
0.622	25808
0.571	28016
0.429	24272
0.519	21984
0.533	27232
0.733	31552
0.434	23472
0.173	11184
0.084	8048
0.103	10352
0.118	9888
0.111	9344
0.269	16096
0.096	8768
0.647	28448
0.602	26528
0.371	19984
0.321	20672
0.384	20320
0.683	27024
0.464	25568
0.425	23712
0.574	28096
0.386	22832
0.429	23712
0.711	35040
0.584	28336
0.117	11600
0.083	9072
0.147	11040
0.172	12832
0.113	9632
0.365	22096
0.509	24048
0.489	26080
0.614	31760
0.613	31760
0.610	24144
0.612	26688
0.539	27360
0.218	13520
0.376	18560
0.305	19360
0.028	5680
0.024	5232
0.026	5200
0.026	5056
0.026	4880
0.026	5232
0.026	5184
0.024	5168
0.029	5056
0.023	4592
0.027	4832
0.023	5104
0.023	5168
0.027	5632
0.025	5152
0.024	5648
0.027	5696
0.026	4608
0.056	5984
0.023	5744
0.025	4704
0.023	5040
0.023	4544
0.023	4544
0.026	5728
0.025	5360
0.022	5040
0.024	5024
0.022	4688
0.024	4928
0.024	5072
0.024	5056
0.024	5232
0.023	5088
0.022	5120
0.024	5184
0.025	5200
0.022	5056
0.024	4640
0.025	4576
0.025	5184
0.024	4832
0.025	5088
0.025	5152
0.024	5184
0.025	4544
0.024	4592
0.025	5248
0.023	5072
0.030	5184
0.025	5008
0.023	4640
0.024	5056
0.025	5168
0.025	5456
0.020	5232
0.023	4880
0.025	5136
0.025	5168
0.025	5120
0.024	5136
0.025	5200
0.024	5168
0.021	5040
0.026	4624
0.022	5104
0.024	5264
0.024	5168
0.024	4624
0.024	5152
0.024	5168
0.022	4528
0.024	5120
0.024	5024
0.020	5120
0.026	5088
0.022	5088
0.024	5152
0.025	5104
0.024	5104
0.024	5216
0.024	5072
0.021	5120
0.025	5216
0.024	5216
0.023	5168
0.022	5200
0.024	4576
0.024	4640
0.025	4720
0.024	5120
0.025	5120
0.021	5216
0.024	5136
0.025	5152
0.025	5200
0.022	5088
0.026	5216
0.024	4560
0.030	4704
0.024	5184
0.025	5104
0.024	5152
0.024	5216
0.025	5152
0.023	5120
0.024	5008
0.025	5328
0.024	5088
0.024	5120
0.023	4704
0.024	5072
0.023	4720
0.025	4864
0.023	4768
0.023	4928
0.025	4736
0.016	4496
0.228	16208
0.730	36432
0.227	13920
0.247	16064
0.016	3888
0.030	5872
0.050	6592
0.825	37440
0.816	37456
0.050	6112
0.039	6224
0.042	5056
0.021	5104
0.025	4784
0.068	6416
0.041	6112
0.218	13248
0.026	4960
0.099	9200
0.101	10592
0.099	10512
0.100	10208
0.026	5712
0.026	5456
0.040	6304
0.040	5632
0.163	13136
0.021	5056
0.062	7888
0.246	15296
0.091	10000
0.016	4464
0.040	5936
0.024	5184
0.051	7424
0.114	11120
0.023	5136
0.044	7136
0.016	3984
0.035	5984
0.039	5568
0.018	4288
0.091	9952
0.145	12928
0.208	13568
0.036	5184
0.047	6816
0.047	7024
0.040	6448
0.071	6144
0.043	6288
0.039	6240
0.040	6208
0.040	5472
0.038	6160
0.032	5552
0.035	6016
0.040	6064
0.035	5408
0.035	5376
0.046	6240
0.094	7520
0.035	6032
0.035	4656
0.036	6112
0.035	6128
0.034	5136
0.035	6048
0.161	12016
0.497	25280
0.269	17392
0.166	12192
0.033	5232
0.043	5872
0.037	4896
0.041	7024
0.043	6992
0.044	6080
0.065	8336
0.034	6112
0.035	5920
0.035	5984
0.024	5488
0.019	4672
0.019	4512
0.019	4736
0.022	4496
0.581	28960
0.510	25568
0.593	27072
0.876	36496
0.609	24032
0.651	31952
0.051	6304
0.047	6256
0.053	6672
0.084	8992
0.065	7280
0.065	8096
0.065	8112
0.062	6992
0.073	7360
0.047	6272
0.049	7168
0.043	5072
0.049	7072
0.082	9472
0.080	9424
0.094	9328
0.086	9248
0.081	8816
0.249	13296
0.187	13648
0.208	15056
0.126	11312
0.129	9712
0.268	19280
0.268	16416
0.271	18544
0.268	17040
0.267	16432
0.296	18992
0.263	16048
0.022	4448
0.022	4640
0.022	5088
0.022	5152
0.021	5072
0.021	5040
0.022	4608
0.022	4912
0.022	5056
0.023	4704
0.022	5120
0.022	5184
0.021	4592
0.021	4896
0.021	5040
0.022	5264
0.022	5088
0.023	4720
0.021	5024
0.022	5088
0.017	4480
0.016	4432
0.016	3936
0.016	4512
0.017	4464
0.018	4544
0.017	3984
0.018	4464
0.017	4480
0.017	4544
0.017	4480
0.016	4016
0.016	4560
0.016	4368
0.016	4592
0.016	4512
0.782	36320
0.093	10656
0.100	10768
0.105	9360
0.107	10432
0.098	9328
0.095	9216
0.096	9488
0.090	8256
0.082	9024
0.107	8912
0.018	4960
0.235	15504
0.200	15184
0.017	4544
0.209	13264
0.041	5744
0.222	12704
0.219	15520
0.223	14080
0.217	15472
0.221	15472
0.218	15488
0.257	13280
0.225	15712
0.182	11120
0.151	13024
0.017	4560
0.146	12672
0.174	12224
0.073	8176
0.174	11264
0.153	12816
0.155	12640
0.161	12928
0.189	10912
0.157	13360
0.169	13600
0.162	13152
0.177	11776
0.166	13024
0.174	12256
0.163	12304
0.017	4464
0.017	4384
0.016	4448
0.015	4512
0.020	5008
0.075	5744
0.020	4400
0.019	4912
0.214	15264
0.217	15456
0.018	4112
0.172	11600
0.222	14976
0.019	4512
0.019	4528
0.020	5024
0.020	5088
0.018	4496
0.017	4064
0.225	15584
0.213	15168
0.240	13008
0.210	15232
0.210	14352
0.196	12912
0.227	15520
0.018	4080
0.145	11360
0.160	13136
0.214	15456
0.021	5168
0.181	12368
0.035	5440
0.025	4960
0.104	9488
0.021	5104
0.021	4592
0.191	13104
0.192	13056
0.017	4048
0.019	4528
0.018	4544
0.209	15568
0.203	14976
0.162	13696
0.153	11264
0.205	11104
0.157	12944
0.260	18480
0.262	18464
0.018	4912
0.202	15232
0.203	13936
0.214	14016
0.222	13168
0.164	12976
0.017	4096
0.015	4160
0.199	11184
0.205	13184
0.203	14032
0.206	15392
0.210	14832
0.205	12896
0.204	14624
0.202	15136
0.209	12832
0.210	14288
0.049	7184
0.178	13296
0.166	12992
0.156	12896
0.159	13520
0.230	15232
0.169	12384
0.426	22816
0.018	4496
0.018	4480
0.256	13408
0.246	14992
0.212	14288
0.018	5088
0.052	6480
0.222	14880
0.026	5744
0.018	5008
0.218	12448
0.259	17280
0.236	13456
0.018	4912
0.016	4064
0.269	15376
0.250	12768
0.223	15264
0.207	13280
0.219	15136
0.247	15600
0.237	15392
0.243	15728
0.217	13520
0.876	36656
0.519	25728
0.523	26288
0.023	5088
0.022	5040
0.022	5088
0.171	13840
0.183	13792
0.160	11824
0.227	13104
0.177	11600
0.187	13008
0.226	11904
0.221	15392
0.222	15424
0.207	15360
0.231	15504
0.219	15216
0.088	8176
0.218	15488
0.213	15184
0.227	15312
0.245	15408
0.231	15408
0.208	12944
0.213	15264
0.130	10240
0.159	13488
0.231	15328
0.217	15456
0.224	13104
0.020	5072
0.018	4032
0.286	17664
0.273	15264
0.270	17904
0.019	5040
0.202	14304
0.241	18400
0.230	14896
0.240	13344
0.254	16384
0.228	13104
0.265	15696
0.213	14336
0.225	15456
0.221	15296
0.017	4320
0.223	13872
0.018	4592
0.191	12560
0.018	4576
0.018	4448
0.143	11280
0.016	4288
0.207	14816
0.249	13168
0.228	15408
0.246	17408
0.257	15744
0.232	15440
0.218	15072
0.018	4448
0.020	4576
0.047	7120
0.193	12512
0.239	12768
0.265	15744
0.239	14400
0.019	4992
0.018	4992
0.242	16336
0.242	13440
0.152	10400
0.215	15744
0.241	17808
0.240	15344
0.229	15936
0.252	14368
0.229	15424
0.241	17248
0.215	15888
0.207	15360
0.179	12048
0.221	15328
0.018	3968
0.016	4896
0.017	5056
0.020	5056
0.213	13408
0.287	17792
0.261	15392
0.190	14160
0.017	3968
0.215	14848
0.214	15472
0.193	13920
0.018	4272
0.636	29312
0.626	31696
0.032	5200
0.025	5296
0.020	5040
0.019	5072
0.208	12768
0.199	13488
0.140	11232
0.189	14624
0.019	4528
0.020	4992
0.019	4720
0.017	4464
0.045	6928
0.172	11104
0.172	10704
0.223	15408
0.238	15776
0.213	15616
0.207	15648
0.017	4400
0.017	4368
0.206	13904
0.184	13680
0.192	13936
0.249	17600
0.185	11280
0.288	16128
0.017	3984
0.264	16464
0.145	12896
0.183	12480
0.168	11840
0.016	4432
0.195	15472
0.190	14352
0.079	7120
0.210	14208
0.226	15696
0.262	15968
0.248	15728
0.181	13744
0.185	11264
0.177	11456
0.208	13024
0.016	4000
0.015	4224
0.019	5120
0.018	4880
0.018	4960
0.200	12272
0.232	14496
0.016	4368
0.019	4432
0.221	12336
0.016	4592
0.016	4080
0.166	11760
0.166	12704
0.019	4976
0.323	17648
0.368	21488
0.347	21488
0.286	19568
0.377	20960
0.342	19168
0.369	18304
0.389	21712
0.389	18304
0.397	21952
0.337	20848
0.326	17920
0.380	21328
0.448	23856
0.315	16032
0.318	18960
0.346	21744
0.599	27248
0.602	27152
0.384	20192
0.343	17776
0.387	18080
0.336	17504
0.358	20800
0.355	20800
0.330	20624
0.236	15936
0.367	21392
0.324	20880
0.326	17904
0.347	20880
0.353	17840
0.453	24416
0.459	24320
0.376	19440
0.470	24416
0.288	20032
0.441	24368
0.456	24304
0.506	23856
0.463	23840
0.453	25328
0.429	19040
0.429	23344
0.427	21008
0.347	21040
0.358	21360
0.392	17536
0.367	19984
0.420	22576
0.397	18240
0.367	22000
0.373	19440
0.370	21888
0.353	19392
0.369	22144
0.398	21824
0.371	21872
0.365	21472
0.347	20304
0.350	18288
0.348	21776
0.341	20736
0.338	21056
0.382	21440
0.337	19760
0.340	20960
0.338	20880
0.332	20672
0.358	18176
0.312	17744
0.355	19296
0.542	27312
0.592	22512
0.511	26384
0.526	26704
0.559	26352
0.572	27328
0.510	21680
0.524	26688
0.554	24128
0.525	26672
0.345	17408
0.481	20384
0.431	25248
0.394	22688
0.392	21456
0.327	21280
0.414	18576
0.378	20928
0.372	21040
0.340	17776
0.329	17456
0.330	17984
0.380	17856
0.383	19040
0.384	17584
0.413	19024
0.340	20896
0.450	23424
0.349	17536
0.317	20448
0.411	23280
0.372	22608
0.373	20032
0.363	17776
0.420	20960
0.152	12048
0.113	11056
0.114	9744
0.208	12912
0.204	12480
0.517	25408
0.351	20464
0.340	19680
0.323	17472
0.327	19984
0.347	18000
0.356	21072
0.325	21520
0.325	20464
0.301	17840
0.327	20240
0.221	13216
0.218	14368
0.370	21792
0.360	17984
0.345	18000
0.368	19120
0.342	20912
0.354	21040
0.346	20784
0.348	17216
0.290	17328
0.364	20416
0.295	19856
0.354	20656
0.370	20880
0.242	15056
0.298	17600
0.416	18832
0.363	21440
0.377	23024
0.334	21616
0.335	21440
0.333	21776
0.369	21536
0.338	18048
0.334	20096
0.333	21552
0.338	19088
0.334	20016
0.333	18032
0.336	21520
0.377	20880
0.334	19136
0.369	19968
0.403	22400
0.575	21808
0.576	26576
0.573	24000
0.571	26544
0.314	19536
0.306	19552
0.312	19920
0.346	19856
0.507	21424
0.314	16800
0.323	21008
0.315	20528
0.325	20880
0.480	24416
0.299	17552
0.332	16176
0.387	21920
0.368	19408
0.369	17680
0.368	21648
0.367	21536
0.367	21808
0.369	18224
0.415	19472
0.356	21872
0.374	18336
0.418	23392
0.373	20928
0.376	20864
0.382	23312
0.384	19696
0.314	20816
0.015	4272
0.349	21552
0.331	19888
0.402	21936
0.382	22336
0.360	18960
0.273	17344
0.344	17744
0.354	21568
0.356	21904
0.372	19408
0.314	17088
0.372	21056
0.385	22320
0.414	21920
0.380	21968
0.387	22432
0.437	21024
0.442	19984
0.324	19536
0.328	18160
0.329	18176
0.247	16320
0.327	20896
0.331	20816
0.245	18160
0.375	18352
0.378	21904
0.254	17648
0.379	18464
0.402	21808
0.379	21792
0.253	18080
0.242	18016
0.363	19168
0.385	19424
0.389	21248
0.348	21264
0.541	21104
0.345	18144
0.313	20784
0.369	21648
0.339	17760
0.331	20976
0.365	19520
0.476	20128
0.348	21952
0.348	21904
0.398	19424
0.518	28272
0.476	25680
0.500	25216
0.441	25376
0.403	23760
0.399	23264
0.617	28160
0.582	22544
0.384	17904
0.358	21648
0.345	17856
0.401	21904
0.377	22624
0.476	21488
0.459	25264
0.393	23472
0.400	23488
0.350	21968
0.392	22048
0.369	22048
0.369	21824
0.397	18736
0.339	19328
0.353	18240
0.355	20960
0.361	19312
0.364	19152
0.363	18176
0.269	18560
0.302	18320
0.366	18208
0.368	21392
0.401	21488
0.370	21840
0.420	23888
0.443	23776
0.357	17936
0.409	19536
0.407	21808
0.302	20496
0.625	26560
0.383	17664
0.333	21536
0.521	22832
0.393	21968
0.375	21872
0.322	20880
0.337	21440
0.363	18144
0.384	17744
0.408	23568
0.510	25312
0.292	16432
0.478	22240
0.461	22320
0.399	17824
0.396	21952
0.315	20480
0.345	20320
0.340	21824
0.367	18720
0.337	17632
0.347	20896
0.402	23792
0.432	24304
0.465	21328
0.489	24368
0.312	20656
0.464	22160
0.396	19344
0.394	23616
0.447	23808
0.331	18176
0.331	17840
0.367	18224
0.328	18320
0.337	18464
0.330	20896
0.425	20400
0.355	22096
0.325	20720
0.358	17856
0.322	20640
0.458	19808
0.357	19696
0.330	19120
0.329	21360
0.332	19168
0.330	21472
0.360	18016
0.331	19136
0.330	21568
0.334	21552
0.329	17648
0.329	21536
0.329	19248
0.360	19360
0.377	20848
0.344	17712
0.335	18144
0.359	20928
0.339	20736
0.345	20944
0.340	18128
0.338	17712
0.341	17680
0.344	18272
0.333	21552
0.361	21552
0.328	17648
0.329	17984
0.357	18000
0.331	21312
0.331	19088
0.422	23328
0.332	17744
0.521	24720
0.522	22512
0.341	18352
0.379	21584
0.352	17936
0.349	21408
0.350	21456
0.349	18976
0.348	19008
0.224	16032
0.379	21408
0.349	21424
0.348	18960
0.371	20512
0.312	17968
0.312	20192
0.421	22752
0.407	23696
0.377	19008
0.307	16768
0.307	20032
0.323	19984
0.334	20080
0.348	19984
0.299	17328
0.299	19728
0.298	19984
0.291	17408
0.328	17488
0.301	18640
0.311	20256
0.459	24784
0.315	17376
0.333	20528
0.316	20096
0.333	20416
0.350	19984
0.301	16784
0.329	17392
0.441	24208
0.439	20000
0.518	24448
0.501	24720
0.426	24352
0.310	20960
0.449	24704
0.334	20048
0.331	19968
0.371	20112
0.305	20720
0.402	19008
0.401	22384
0.318	20864
0.320	20592
0.313	20512
0.303	20352
0.309	19872
0.311	19968
0.303	17360
0.344	17728
0.346	21680
0.156	12496
0.330	20432
0.332	17632
0.441	24336
0.379	18224
0.484	24416
0.336	17632
0.343	21472
0.368	21520
0.451	25232
0.365	20704
0.329	20800
0.374	22816
0.447	18848
0.377	18688
0.324	17264
0.516	21392
0.325	17808
0.384	21632
0.383	18336
0.360	21840
0.391	17984
0.407	19408
0.369	21648
0.382	19088
0.414	19424
0.447	24384
0.430	24320
0.441	24432
0.483	20096
0.326	20864
0.326	20848
0.363	18112
0.328	17536
0.330	20832
0.447	20400
0.409	22896
0.330	21248
0.410	22848
0.411	20496
0.332	17968
0.332	21488
0.332	21520
0.366	21584
0.335	19152
0.332	17984
4.533	118448
1.056	44080
0.899	40368
1.094	42864
1.259	40864
0.848	38128
5.516	122944
5.021	98240
5.437	120400
5.517	124112
5.347	128400
2.070	60928
5.254	122864
5.585	100048
4.919	130768
3.448	80496
5.375	129360
5.135	127680
5.261	131712
5.432	129488
5.138	99968
5.116	99968
5.589	122384
5.184	121968
5.230	123712
5.347	122192
5.260	128512
5.498	122704
5.425	123104
5.437	122544
5.446	125232
5.086	121344
5.354	123200
5.041	126992
5.367	103792
5.296	123216
4.689	121888
5.070	99888
5.397	121776
5.410	132000
5.498	108832
5.964	131600
5.360	107776
5.619	104304
5.120	120048
5.434	130128
6.157	122784
4.502	111872
0.838	38080
4.520	98272
1.642	52528
2.194	63120
1.691	55824
4.497	111840
1.495	51472
2.374	75984
5.117	122368
1.129	42096
1.166	35408
1.104	43584
1.082	44192
0.941	33776
1.223	44176
1.085	39168
0.880	39408
0.851	31360
0.948	40416
1.831	51136
1.270	38192
3.013	83584
5.141	123216
1.041	40576
1.486	50352
3.781	86272
4.791	98208
1.510	51952
1.633	53632
1.278	44352
1.595	43568
2.013	63776
1.812	58784
3.103	84528
2.547	76656
1.570	52864
3.671	88672
3.077	64880
2.052	54384
1.925	54528
2.894	82800
2.589	77440
2.657	76544
5.894	130784
2.224	68688
6.216	136448
6.373	130416
1.603	53632
4.939	92848
2.546	73296
5.310	121440
4.810	125568
5.972	128912
6.073	103376
5.160	121248
5.751	128608
5.646	125920
5.515	127440
5.943	129744
3.602	69680
3.561	87104
5.738	127152
5.596	106400
5.511	106480
5.387	121344
5.126	126176
4.774	96528
4.547	99792
5.142	127248
4.487	124656
5.697	110016
0.989	42672
5.522	124640
1.504	50800
6.057	124656
0.975	39632
0.934	39536
0.971	39504
1.077	43664
1.066	43632
1.085	43472
1.076	43616
1.079	43616
1.119	35984
1.078	43616
1.066	34432
1.071	43824
1.068	43696
1.110	43680
1.190	38720
0.942	38128
1.077	33248
1.121	41312
1.068	39808
1.105	33232
1.067	35328
1.070	33264
0.928	33648
1.003	41200
