0.085394
0.071891
0.068213
0.049347
0.051724
0.037690
0.032680
0.031616
0.028138
0.028925
0.030373
0.027327
0.026087
0.025826
0.025671
0.025536
0.027297
0.030058
0.030964
0.027575
0.029861
0.027925
0.027017
0.026372
0.026570
0.026153
0.027629
0.027843
0.026783
0.026560
0.023906
0.024637
0.024609
0.024411
0.024563
0.025705
0.023484
0.023057
0.021217
0.019814
0.019491
0.019452
0.017988
0.018016
0.018917
0.019729
0.018278
0.017309
0.017203
0.017780
0.016795
0.015982
0.014999
0.014255
0.014234
0.014250
0.014850
0.015010
0.014973
0.015291
0.015664
0.014934
0.014794
0.014917
0.015354
0.014538
0.015164
0.015468
0.014571
0.014996
0.015191
0.015544
0.015019
0.014391
0.013853
0.013082
0.013365
0.013917
0.013626
0.013046
0.012581
0.012503
0.012035
0.012538
0.012747
0.013068
0.013220
0.013873
0.014555
0.013941
0.013671
0.013292
0.013065
0.013510
0.012986
0.012790
0.012647
0.013345
0.013015
0.013692
0.010948
0.012315
0.011457
0.010872
0.011001
0.010838
0.009687
0.009761
0.009310
0.008872
0.008229
0.007835
0.007613
0.007041
0.007045
0.006713
0.006290
0.005776
0.005565
0.005479
0.005568
0.005261
0.005261
0.005386
0.005337
0.004960
0.004669
0.004645
0.004561
0.004740
0.004984
0.004739
0.004923
0.005058
0.004952
0.004988
0.004796
0.004535
0.004488
0.004522
0.004325
0.004416
0.004556
0.004520
0.004390
0.004113
0.004145
0.003912
0.003882
0.003902
0.003597
0.003843
0.003609
0.003527
0.003532
0.003257
0.003270
0.003303
0.003409
0.003476
0.003438
0.003505
0.003714
0.003689
0.003725
0.003795
0.003725
0.003669
0.003419
0.003349
0.003717
0.003539
0.003590
0.003629
0.003507
0.003316
0.003126
0.003180
0.003282
0.003264
0.003010
0.002872
0.002937
0.002784
0.002677
0.002645
0.002610
0.002678
0.002663
0.002732
0.002793
0.002580
0.002232
0.001997
0.002024
0.002168
0.002282
0.002379
0.002194
0.002332
0.002512
0.002321
0.002143
0.002049
0.001967
0.002023
0.001989
0.002065
0.002094
0.001978
0.001885
0.001767
0.001713
0.001605
0.001671
0.001709
0.001647
0.001615
0.001671
0.001623
0.001704
0.001785
0.001823
0.001742
0.001546
0.001494
0.001524
0.001530
0.001524
0.001569
0.001514
0.001404
0.001416
0.001406
0.001381
0.001376
0.001414
0.001409
0.001393
0.001322
0.001291
0.001321
0.001262
0.001268
0.001178
0.001221
0.001179
0.001195
0.001154
0.001141
0.001163
0.001165
0.001201
0.001239
0.001205
0.001129
0.001182
0.001116
0.001092
0.001074
0.001039
0.000978
0.001015
0.000999
0.000973
0.000975
0.000955
0.000942
0.000953
0.000966
0.000979
0.000940
0.000945
0.000935
0.000949
0.000936
0.000964
0.000950
0.000999
0.001013
0.000993
0.000945
0.000966
0.000989
0.000955
0.000968
0.000969
0.000940
0.000926
0.000916
0.000894
0.000873
0.000890
0.000867
0.000843
0.000816
0.000812
0.000791
0.000789
0.000770
0.000762
0.000741
0.000746
0.000776
0.000781
0.000777
0.000777
0.000754
0.000744
0.000742
0.000730
0.000726
0.000722
0.000716
0.000732
0.000723
0.000709
0.000728
0.000716
0.000726
0.000706
0.000702
0.000711
0.000709
0.000706
0.000729
0.000727
0.000720
0.000722
0.000719
0.000686
0.000694
0.000693
0.000694
0.000678
0.000679
0.000656
0.000657
0.000667
0.000649
0.000620
0.000641
0.000626
0.000618
0.000622
0.000634
0.000653
0.000640
0.000649
0.000661
0.000665
0.000650
0.000650
0.000651
0.000642
0.000652
0.000644
0.000644
0.000630
0.000637
0.000632
0.000619
0.000615
0.000595
0.000598
0.000586
0.000600
0.000598
0.000604
0.000605
0.000613
0.000603
0.000607
0.000603
0.000609
0.000604
0.000595
0.000587
0.000551
0.000560
0.000556
0.000560
0.000551
0.000552
0.000547
0.000547
0.000567
0.000570
0.000590
0.000571
0.000574
0.000580
0.000582
0.000577
0.000557
0.000548
0.000546
0.000544
0.000525
0.000524
0.000502
0.000499
0.000507
0.000500
0.000501
0.000496
0.000498
0.000494
0.000493
0.000495
0.000486
0.000488
0.000487
0.000482
0.000474
0.000469
0.000474
0.000483
0.000474
0.000468
0.000480
0.000492
0.000495
0.000511
0.000517
0.000506
0.000512
0.000488
0.000484
0.000483
0.000486
0.000486
0.000480
0.000483
0.000486
0.000488
0.000487
0.000495
0.000489
0.000481
0.000483
0.000486
0.000493
0.000506
0.000521
0.000521
0.000500
0.000499
0.000500
0.000501
0.000495
0.000488
0.000488
0.000480
0.000487
0.000481
0.000492
0.000505
0.000498
0.000498
0.000489
0.000486
0.000483
0.000488
0.000489
0.000489
0.000491
0.000488
0.000493
0.000465
0.000463
0.000445
0.000454
0.000452
0.000456
0.000447
0.000440
0.000430
0.000432
0.000431
0.000414
0.000406
0.000409
0.000406
0.000410
0.000413
0.000394
0.000400
0.000405
0.000411
0.000408
0.000401
0.000401
0.000409
0.000417
0.000418
0.000419
0.000424
0.000424
0.000432
0.000430
0.000433
0.000433
0.000431
0.000426
0.000424
0.000426
0.000430
0.000430
0.000420
0.000428
0.000422
0.000418
0.000417
0.000410
0.000401
0.000405
0.000400
0.000399
0.000378
0.000380
0.000386
0.000379
0.000378
0.000371
0.000381
0.000389
0.000399
0.000397
0.000393
0.000407
0.000400
0.000405
0.000402
0.000396
0.000397
0.000403
0.000413
0.000412
0.000418
0.000413
0.000414
0.000413
0.000410
0.000412
0.000409
0.000404
0.000405
0.000396
0.000395
0.000387
0.000383
0.000388
0.000385
0.000383
0.000385
0.000386
0.000378
0.000381
0.000379
0.000381
0.000372
0.000362
0.000356
0.000361
0.000361
0.000360
0.000360
0.000354
0.000363
0.000370
0.000376
0.000373
0.000377
0.000368
0.000375
0.000372
0.000366
0.000368
0.000365
0.000376
0.000389
0.000383
0.000388
0.000395
0.000389
0.000380
0.000366
0.000374
0.000381
0.000375
0.000381
0.000383
0.000377
0.000386
0.000389
0.000387
0.000396
0.000392
0.000400
0.000388
0.000387
0.000378
0.000371
0.000371
0.000376
0.000388
0.000395
0.000385
0.000388
0.000387
0.000390
0.000385
0.000394
0.000387
0.000387
0.000388
0.000369
0.000362
0.000355
0.000355
0.000358
0.000356
0.000350
0.000346
0.000349
0.000348
0.000354
0.000359
0.000363
0.000367
0.000364
0.000363
0.000354
0.000353
0.000354
0.000351
0.000349
0.000343
0.000341
0.000339
0.000337
0.000331
0.000325
0.000318
0.000314
0.000313
0.000312
0.000308
0.000301
0.000293
0.000297
0.000300
0.000292
0.000294
0.000288
0.000290
0.000289
0.000288
0.000283
0.000281
0.000277
0.000280
0.000276
0.000273
0.000271
0.000271
0.000270
0.000266
0.000265
0.000265
0.000266
0.000267
0.000266
0.000267
0.000268
0.000260
0.000258
0.000257
0.000259
0.000257
0.000262
0.000264
0.000263
0.000268
0.000265
0.000265
0.000267
0.000272
0.000271
0.000276
0.000270
0.000274
0.000274
0.000275
0.000272
0.000270
0.000272
0.000273
0.000269
0.000275
0.000272
0.000269
0.000273
0.000264
0.000259
0.000257
0.000259
0.000260
0.000254
0.000246
0.000246
0.000240
0.000244
0.000246
0.000241
0.000243
0.000242
0.000247
0.000252
0.000258
0.000262
0.000264
0.000270
0.000275
0.000275
0.000281
0.000284
0.000280
0.000276
0.000285
0.000295
0.000294
0.000295
0.000309
0.000317
0.000318
0.000324
0.000322
0.000317
0.000325
0.000321
0.000309
0.000311
0.000313
0.000318
0.000319
0.000314
0.000308
0.000299
0.000304
0.000301
0.000313
0.000318
0.000321
0.000317
0.000314
0.000317
0.000317
0.000306
0.000308
0.000306
0.000315
0.000311
0.000302
0.000288
0.000288
0.000281
0.000281
0.000286
0.000283
0.000286
0.000287
0.000294
0.000286
0.000284
0.000278
0.000286
0.000284
0.000295
0.000301
0.000293
0.000288
0.000297
0.000294
0.000304
0.000297
0.000296
0.000287
0.000277
0.000279
0.000280
0.000282
0.000288
0.000283
0.000288
0.000301
0.000290
0.000284
0.000284
0.000289
0.000283
0.000283
0.000282
0.000285
0.000281
0.000283
0.000285
0.000293
0.000292
0.000282
0.000282
0.000273
0.000272
0.000276
0.000268
0.000268
0.000264
0.000264
0.000267
0.000266
0.000262
0.000266
0.000263
0.000262
0.000256
0.000248
0.000245
0.000244
0.000247
0.000245
0.000248
0.000245
0.000241
0.000241
0.000242
0.000245
0.000241
0.000238
0.000236
0.000236
0.000231
0.000235
0.000228
0.000229
0.000220
0.000225
0.000226
0.000221
0.000208
0.000207
0.000207
0.000208
0.000202
0.000201
0.000198
0.000198
0.000202
0.000205
0.000209
0.000203
0.000204
0.000218
0.000221
0.000233
0.000227
0.000228
0.000225
0.000230
0.000228
0.000223
0.000218
0.000218
0.000211
0.000215
0.000215
0.000215
0.000210
0.000210
0.000199
0.000195
0.000191
0.000197
0.000202
0.000204
0.000202
0.000194
0.000198
0.000193
0.000196
0.000194
0.000198
0.000198
0.000189
0.000185
0.000174
0.000172
0.000169
0.000168
0.000167
0.000169
0.000168
0.000167
0.000167
0.000170
0.000166
0.000167
0.000168
0.000175
0.000170
0.000170
0.000171
0.000172
0.000168
0.000163
0.000152
0.000156
0.000156
0.000155
0.000154
0.000154
0.000151
0.000145
0.000147
0.000144
0.000144
0.000142
0.000147
0.000147
0.000148
0.000150
0.000152
0.000150
0.000147
0.000150
0.000158
0.000157
0.000152
0.000150
0.000144
0.000141
0.000139
0.000142
0.000144
0.000149
0.000147
0.000144
0.000142
0.000137
0.000134
0.000138
0.000136
0.000142
0.000147
0.000149
0.000155
0.000153
0.000159
0.000165
0.000171
0.000166
0.000164
0.000167
0.000157
0.000153
0.000149
0.000152
0.000151
0.000148
0.000145
0.000149
0.000152
0.000153
0.000151
0.000151
0.000148
0.000149
0.000151
0.000148
0.000147
0.000147
0.000145
0.000142
0.000141
0.000144
0.000144
0.000140
0.000137
0.000139
0.000142
0.000147
0.000155
0.000160
0.000160
0.000156
0.000158
0.000159
0.000161
0.000166
0.000164
0.000164
0.000170
0.000167
0.000168
0.000165
0.000172
0.000167
0.000170
0.000175
0.000172
0.000167
0.000165
0.000169
0.000167
0.000177
0.000180
0.000185
0.000181
0.000184
0.000188
0.000187
0.000190
0.000193
0.000196
0.000188
0.000187
0.000183
0.000183
0.000181
0.000186
0.000190
0.000196
0.000199
0.000191
0.000191
0.000191
0.000184
0.000186
0.000185
0.000192
0.000193
0.000193
0.000190
0.000190
0.000188
0.000181
0.000178
0.000172
0.000174
0.000181
0.000179
0.000176
0.000177
0.000171
0.000175
0.000170
0.000172
0.000173
0.000174
0.000166
0.000167
0.000164
0.000169
0.000164
0.000164
0.000167
0.000164
0.000162
0.000162
0.000157
0.000152
0.000152
0.000144
0.000141
0.000135
0.000134
0.000133
0.000132
0.000131
0.000129
0.000124
0.000119
0.000119
0.000112
0.000109
0.000106
0.000102
0.000111
0.000115
0.000115
0.000119
0.000115
0.000114
0.000109
0.000107
0.000105
0.000099
0.000095
0.000096
0.000100
0.000099
0.000093
0.000096
0.000096
0.000098
0.000098
0.000102
0.000105
0.000107
0.000107
0.000103
0.000100
0.000098
0.000096
0.000092
0.000092
0.000092
0.000087
0.000091
0.000086
0.000085
0.000082
0.000078
0.000081
0.000087
0.000078
0.000080
0.000076
0.000077
0.000071
0.000072
0.000067
0.000069
0.000068
0.000063
0.000059
0.000058
0.000054
0.000053
0.000050
0.000049
0.000052
0.000050
0.000048
0.000048
0.000050
0.000047
0.000043
0.000045
0.000043
0.000040
0.000042
0.000037
0.000036
0.000037
0.000037
0.000040
0.000036
0.000040
0.000038
0.000039
0.000045
0.000042
0.000038
0.000043
0.000041
0.000043
0.000046
0.000040
0.000036
0.000033
0.000031
0.000027
0.000024
0.000021
0.000017
0.000022
0.000016
0.000010
0.000000
