0.065619
0.044415
0.033883
0.031761
0.028102
0.026974
0.025652
0.025704
0.021959
0.021333
0.020997
0.019883
0.020238
0.019619
0.018008
0.016870
0.017363
0.017525
0.018180
0.018423
0.019095
0.017849
0.016348
0.017122
0.016842
0.017960
0.018776
0.019538
0.018464
0.019313
0.018239
0.018474
0.017431
0.016715
0.015984
0.015608
0.014776
0.014325
0.014625
0.013975
0.013684
0.013400
0.012654
0.012278
0.012253
0.012119
0.012201
0.011511
0.011343
0.011660
0.012160
0.011449
0.012040
0.011526
0.011923
0.011520
0.010960
0.010529
0.010285
0.010601
0.010534
0.010283
0.010522
0.010896
0.010761
0.010458
0.010754
0.010920
0.010501
0.010250
0.009957
0.009609
0.009630
0.009470
0.009211
0.008984
0.008600
0.008717
0.008678
0.008456
0.008233
0.008600
0.008264
0.008509
0.008316
0.008155
0.008317
0.008002
0.008009
0.007834
0.008000
0.007864
0.007597
0.007468
0.007358
0.007303
0.007303
0.007193
0.007102
0.007074
0.006432
0.005949
0.005785
0.005806
0.005867
0.005678
0.005374
0.005182
0.004945
0.005030
0.005022
0.004980
0.004991
0.004825
0.004654
0.004702
0.004659
0.004892
0.004609
0.004486
0.004213
0.004344
0.004574
0.004456
0.004401
0.004180
0.004173
0.004175
0.004110
0.004005
0.003901
0.003924
0.004024
0.003995
0.003976
0.004019
0.003997
0.004044
0.004071
0.003924
0.003901
0.003932
0.003940
0.003807
0.003838
0.003759
0.003747
0.003705
0.003618
0.003498
0.003420
0.003335
0.003249
0.003224
0.003218
0.003214
0.003189
0.003166
0.003192
0.003135
0.003061
0.003039
0.003068
0.002984
0.002928
0.002970
0.002976
0.002918
0.002894
0.002843
0.002887
0.002809
0.002741
0.002713
0.002734
0.002728
0.002657
0.002627
0.002616
0.002600
0.002589
0.002605
0.002517
0.002500
0.002530
0.002485
0.002506
0.002528
0.002526
0.002482
0.002367
0.002351
0.002397
0.002198
0.002239
0.002105
0.002015
0.002162
0.002072
0.001947
0.002031
0.001867
0.001705
0.001696
0.001613
0.001500
0.001576
0.001540
0.001586
0.001576
0.001550
0.001509
0.001502
0.001524
0.001508
0.001462
0.001396
0.001385
0.001372
0.001388
0.001327
0.001272
0.001252
0.001292
0.001296
0.001264
0.001243
0.001231
0.001234
0.001174
0.001171
0.001139
0.001129
0.001116
0.001128
0.001092
0.001105
0.001082
0.001098
0.001116
0.001082
0.001075
0.001100
0.001052
0.001022
0.000980
0.000951
0.000971
0.001005
0.000996
0.000949
0.000960
0.000943
0.000927
0.000899
0.000903
0.000891
0.000906
0.000906
0.000904
0.000887
0.000890
0.000898
0.000886
0.000860
0.000842
0.000825
0.000803
0.000817
0.000828
0.000805
0.000803
0.000790
0.000773
0.000783
0.000765
0.000772
0.000751
0.000758
0.000729
0.000725
0.000726
0.000709
0.000705
0.000702
0.000704
0.000698
0.000687
0.000695
0.000691
0.000687
0.000681
0.000668
0.000661
0.000666
0.000660
0.000645
0.000656
0.000652
0.000636
0.000648
0.000631
0.000642
0.000641
0.000655
0.000660
0.000666
0.000652
0.000663
0.000660
0.000672
0.000654
0.000649
0.000643
0.000625
0.000613
0.000604
0.000599
0.000601
0.000595
0.000602
0.000597
0.000611
0.000600
0.000598
0.000576
0.000593
0.000585
0.000572
0.000558
0.000553
0.000562
0.000552
0.000550
0.000543
0.000527
0.000534
0.000526
0.000530
0.000527
0.000514
0.000525
0.000522
0.000527
0.000527
0.000533
0.000541
0.000542
0.000542
0.000542
0.000548
0.000534
0.000531
0.000539
0.000539
0.000524
0.000530
0.000535
0.000541
0.000538
0.000529
0.000509
0.000499
0.000498
0.000504
0.000495
0.000505
0.000506
0.000504
0.000491
0.000495
0.000495
0.000500
0.000501
0.000498
0.000498
0.000486
0.000488
0.000467
0.000463
0.000450
0.000441
0.000437
0.000424
0.000422
0.000433
0.000432
0.000430
0.000427
0.000417
0.000413
0.000406
0.000410
0.000414
0.000428
0.000416
0.000414
0.000414
0.000414
0.000410
0.000408
0.000407
0.000413
0.000415
0.000421
0.000423
0.000422
0.000424
0.000423
0.000420
0.000414
0.000405
0.000402
0.000399
0.000399
0.000396
0.000395
0.000400
0.000397
0.000406
0.000406
0.000408
0.000410
0.000405
0.000408
0.000401
0.000391
0.000392
0.000406
0.000409
0.000408
0.000409
0.000412
0.000410
0.000404
0.000396
0.000399
0.000403
0.000403
0.000400
0.000404
0.000405
0.000401
0.000405
0.000390
0.000394
0.000394
0.000401
0.000392
0.000389
0.000396
0.000384
0.000381
0.000386
0.000385
0.000395
0.000401
0.000391
0.000381
0.000376
0.000376
0.000370
0.000359
0.000369
0.000361
0.000366
0.000358
0.000351
0.000352
0.000352
0.000358
0.000360
0.000357
0.000348
0.000358
0.000355
0.000361
0.000356
0.000365
0.000372
0.000367
0.000370
0.000366
0.000366
0.000357
0.000364
0.000346
0.000344
0.000342
0.000345
0.000350
0.000345
0.000350
0.000354
0.000359
0.000354
0.000352
0.000351
0.000350
0.000354
0.000357
0.000355
0.000351
0.000363
0.000362
0.000355
0.000352
0.000362
0.000361
0.000365
0.000374
0.000378
0.000381
0.000385
0.000383
0.000384
0.000381
0.000377
0.000366
0.000366
0.000362
0.000366
0.000368
0.000362
0.000357
0.000366
0.000363
0.000361
0.000351
0.000352
0.000359
0.000372
0.000372
0.000377
0.000388
0.000390
0.000387
0.000395
0.000386
0.000388
0.000387
0.000378
0.000373
0.000369
0.000361
0.000363
0.000357
0.000355
0.000355
0.000357
0.000358
0.000360
0.000351
0.000342
0.000338
0.000334
0.000326
0.000322
0.000317
0.000325
0.000325
0.000327
0.000325
0.000331
0.000336
0.000347
0.000339
0.000333
0.000330
0.000325
0.000320
0.000324
0.000318
0.000311
0.000308
0.000297
0.000288
0.000283
0.000278
0.000281
0.000276
0.000275
0.000269
0.000270
0.000271
0.000273
0.000272
0.000273
0.000275
0.000278
0.000278
0.000282
0.000280
0.000281
0.000269
0.000268
0.000264
0.000267
0.000268
0.000259
0.000255
0.000251
0.000251
0.000248
0.000245
0.000247
0.000253
0.000251
0.000251
0.000251
0.000248
0.000246
0.000243
0.000244
0.000242
0.000240
0.000242
0.000245
0.000244
0.000243
0.000241
0.000243
0.000240
0.000238
0.000236
0.000233
0.000229
0.000227
0.000227
0.000227
0.000227
0.000227
0.000227
0.000227
0.000224
0.000221
0.000220
0.000217
0.000216
0.000215
0.000214
0.000215
0.000218
0.000218
0.000217
0.000216
0.000217
0.000219
0.000221
0.000219
0.000218
0.000223
0.000224
0.000224
0.000227
0.000225
0.000226
0.000227
0.000230
0.000229
0.000227
0.000228
0.000231
0.000227
0.000228
0.000230
0.000227
0.000226
0.000224
0.000218
0.000216
0.000216
0.000216
0.000218
0.000217
0.000215
0.000215
0.000217
0.000218
0.000216
0.000216
0.000216
0.000216
0.000221
0.000223
0.000226
0.000227
0.000224
0.000223
0.000224
0.000227
0.000226
0.000229
0.000230
0.000231
0.000229
0.000232
0.000230
0.000229
0.000224
0.000227
0.000228
0.000230
0.000226
0.000227
0.000229
0.000223
0.000220
0.000221
0.000219
0.000224
0.000225
0.000222
0.000222
0.000217
0.000219
0.000223
0.000221
0.000221
0.000223
0.000226
0.000219
0.000218
0.000219
0.000217
0.000220
0.000221
0.000223
0.000222
0.000225
0.000222
0.000223
0.000227
0.000231
0.000225
0.000225
0.000225
0.000226
0.000225
0.000229
0.000227
0.000225
0.000220
0.000220
0.000222
0.000225
0.000224
0.000225
0.000228
0.000229
0.000236
0.000237
0.000242
0.000243
0.000241
0.000240
0.000243
0.000239
0.000234
0.000239
0.000236
0.000236
0.000243
0.000239
0.000235
0.000230
0.000228
0.000224
0.000230
0.000230
0.000228
0.000231
0.000230
0.000228
0.000228
0.000228
0.000231
0.000231
0.000229
0.000230
0.000227
0.000227
0.000217
0.000215
0.000216
0.000215
0.000212
0.000212
0.000212
0.000211
0.000208
0.000206
0.000204
0.000207
0.000211
0.000207
0.000207
0.000208
0.000203
0.000203
0.000204
0.000203
0.000203
0.000203
0.000202
0.000198
0.000200
0.000201
0.000202
0.000202
0.000203
0.000199
0.000197
0.000199
0.000201
0.000203
0.000199
0.000196
0.000197
0.000197
0.000196
0.000191
0.000189
0.000189
0.000189
0.000192
0.000197
0.000198
0.000198
0.000196
0.000196
0.000196
0.000198
0.000195
0.000197
0.000201
0.000202
0.000205
0.000207
0.000208
0.000208
0.000206
0.000200
0.000199
0.000201
0.000199
0.000200
0.000200
0.000200
0.000201
0.000203
0.000202
0.000202
0.000204
0.000201
0.000200
0.000201
0.000202
0.000207
0.000206
0.000203
0.000200
0.000198
0.000196
0.000199
0.000198
0.000199
0.000199
0.000195
0.000196
0.000191
0.000192
0.000193
0.000193
0.000194
0.000193
0.000196
0.000192
0.000191
0.000189
0.000189
0.000187
0.000186
0.000187
0.000187
0.000184
0.000190
0.000185
0.000181
0.000183
0.000180
0.000182
0.000182
0.000180
0.000177
0.000181
0.000180
0.000177
0.000179
0.000176
0.000181
0.000181
0.000180
0.000180
0.000176
0.000175
0.000177
0.000177
0.000180
0.000179
0.000179
0.000175
0.000177
0.000173
0.000176
0.000173
0.000170
0.000168
0.000167
0.000163
0.000161
0.000159
0.000157
0.000158
0.000154
0.000150
0.000148
0.000149
0.000148
0.000152
0.000152
0.000155
0.000158
0.000156
0.000157
0.000158
0.000158
0.000157
0.000157
0.000155
0.000155
0.000153
0.000152
0.000152
0.000154
0.000151
0.000151
0.000149
0.000149
0.000148
0.000149
0.000146
0.000147
0.000151
0.000146
0.000143
0.000140
0.000138
0.000141
0.000142
0.000142
0.000138
0.000143
0.000143
0.000139
0.000135
0.000138
0.000140
0.000141
0.000136
0.000135
0.000138
0.000139
0.000141
0.000139
0.000136
0.000140
0.000138
0.000135
0.000134
0.000129
0.000129
0.000129
0.000125
0.000123
0.000120
0.000118
0.000117
0.000116
0.000115
0.000115
0.000111
0.000110
0.000108
0.000107
0.000109
0.000105
0.000106
0.000104
0.000104
0.000109
0.000107
0.000107
0.000109
0.000112
0.000114
0.000113
0.000112
0.000110
0.000111
0.000111
0.000108
0.000106
0.000107
0.000103
0.000099
0.000094
0.000094
0.000093
0.000094
0.000092
0.000092
0.000089
0.000090
0.000089
0.000086
0.000086
0.000088
0.000086
0.000087
0.000087
0.000090
0.000090
0.000087
0.000087
0.000086
0.000086
0.000088
0.000087
0.000085
0.000083
0.000082
0.000081
0.000079
0.000079
0.000077
0.000076
0.000077
0.000076
0.000074
0.000075
0.000076
0.000074
0.000075
0.000073
0.000073
0.000072
0.000072
0.000072
0.000071
0.000072
0.000073
0.000072
0.000072
0.000070
0.000071
0.000070
0.000069
0.000068
0.000068
0.000068
0.000067
0.000067
0.000066
0.000067
0.000067
0.000069
0.000068
0.000069
0.000069
0.000069
0.000068
0.000067
0.000066
0.000066
0.000065
0.000063
0.000063
0.000063
0.000061
0.000061
0.000062
0.000061
0.000060
0.000060
0.000059
0.000060
0.000059
0.000057
0.000058
0.000059
0.000058
0.000059
0.000059
0.000059
0.000059
0.000059
0.000059
0.000058
0.000058
0.000057
0.000056
0.000055
0.000055
0.000054
0.000053
0.000052
0.000052
0.000052
0.000051
0.000051
0.000051
0.000051
0.000050
0.000049
0.000048
0.000048
0.000047
0.000046
0.000045
0.000045
0.000045
0.000045
0.000044
0.000043
0.000042
0.000042
0.000042
0.000044
0.000042
0.000043
0.000043
0.000041
0.000043
0.000042
0.000041
0.000041
0.000041
0.000039
0.000038
0.000039
0.000037
0.000036
0.000035
0.000035
0.000034
0.000033
0.000033
0.000032
0.000031
0.000031
0.000029
0.000029
0.000028
0.000029
0.000026
0.000026
0.000024
0.000022
0.000021
0.000020
0.000018
0.000018
0.000017
0.000016
0.000013
0.000010
0.000009
0.000007
0.000000
