0.070697
0.041912
0.033625
0.029746
0.029486
0.026104
0.026084
0.023396
0.022766
0.021177
0.021947
0.019909
0.021736
0.020051
0.020130
0.019147
0.017993
0.016431
0.016418
0.016300
0.016466
0.015884
0.015172
0.014257
0.014311
0.013728
0.013221
0.013252
0.013599
0.013876
0.013423
0.013148
0.012469
0.012873
0.012025
0.012112
0.011986
0.011479
0.011419
0.011085
0.010474
0.010454
0.010244
0.010209
0.010331
0.010168
0.010031
0.009672
0.009450
0.009602
0.009583
0.009426
0.008862
0.008928
0.009298
0.008812
0.008582
0.008779
0.008440
0.008370
0.008244
0.008429
0.008677
0.008709
0.008647
0.008504
0.008513
0.007988
0.008112
0.008230
0.008121
0.008028
0.008200
0.008024
0.008080
0.008353
0.008278
0.008235
0.008165
0.008081
0.008125
0.007908
0.007511
0.007629
0.007397
0.007296
0.007310
0.007463
0.007405
0.007549
0.007369
0.007360
0.007228
0.007386
0.007421
0.007327
0.007349
0.007405
0.007510
0.007495
0.007285
0.007078
0.007051
0.007301
0.007145
0.006727
0.006860
0.006589
0.006077
0.006380
0.006212
0.006023
0.006090
0.006327
0.006123
0.005866
0.005874
0.005620
0.005455
0.005526
0.005048
0.004926
0.004730
0.004425
0.004341
0.004379
0.004460
0.004397
0.004326
0.004287
0.004177
0.004151
0.003935
0.003863
0.004007
0.003913
0.003778
0.003691
0.003513
0.003347
0.003208
0.003214
0.003118
0.003174
0.003223
0.003198
0.003185
0.003252
0.003199
0.003142
0.003125
0.002974
0.002898
0.002738
0.002705
0.002708
0.002573
0.002579
0.002548
0.002573
0.002517
0.002462
0.002498
0.002363
0.002278
0.002219
0.002270
0.002276
0.002296
0.002264
0.002283
0.002222
0.002188
0.002243
0.002196
0.002168
0.002129
0.002090
0.002034
0.002005
0.002003
0.001994
0.002000
0.001990
0.002022
0.002007
0.002044
0.002088
0.002069
0.002052
0.001836
0.001831
0.001902
0.001933
0.001895
0.001864
0.001746
0.001698
0.001728
0.001749
0.001692
0.001722
0.001761
0.001749
0.001706
0.001667
0.001646
0.001687
0.001571
0.001568
0.001509
0.001481
0.001454
0.001366
0.001330
0.001285
0.001249
0.001204
0.001137
0.001146
0.001169
0.001125
0.001071
0.001082
0.001039
0.001011
0.000971
0.000961
0.000964
0.000928
0.000926
0.000913
0.000941
0.000960
0.000975
0.000958
0.000954
0.000941
0.000960
0.000936
0.000899
0.000903
0.000891
0.000883
0.000893
0.000839
0.000829
0.000828
0.000847
0.000813
0.000806
0.000813
0.000801
0.000781
0.000767
0.000766
0.000770
0.000760
0.000771
0.000792
0.000808
0.000825
0.000827
0.000822
0.000814
0.000800
0.000796
0.000773
0.000758
0.000757
0.000755
0.000721
0.000712
0.000691
0.000679
0.000688
0.000680
0.000676
0.000678
0.000663
0.000646
0.000612
0.000599
0.000606
0.000595
0.000590
0.000608
0.000598
0.000592
0.000584
0.000589
0.000583
0.000577
0.000570
0.000544
0.000529
0.000529
0.000514
0.000513
0.000520
0.000511
0.000505
0.000495
0.000496
0.000496
0.000493
0.000505
0.000508
0.000499
0.000498
0.000494
0.000494
0.000479
0.000484
0.000475
0.000473
0.000474
0.000479
0.000479
0.000476
0.000466
0.000469
0.000487
0.000486
0.000486
0.000497
0.000489
0.000491
0.000484
0.000491
0.000491
0.000500
0.000500
0.000507
0.000488
0.000487
0.000498
0.000495
0.000492
0.000494
0.000494
0.000505
0.000491
0.000485
0.000477
0.000469
0.000477
0.000484
0.000489
0.000507
0.000515
0.000518
0.000517
0.000528
0.000525
0.000520
0.000508
0.000503
0.000498
0.000508
0.000488
0.000484
0.000485
0.000483
0.000487
0.000487
0.000478
0.000474
0.000483
0.000495
0.000496
0.000485
0.000480
0.000475
0.000467
0.000468
0.000468
0.000466
0.000452
0.000448
0.000448
0.000446
0.000451
0.000454
0.000453
0.000446
0.000451
0.000445
0.000439
0.000438
0.000443
0.000445
0.000439
0.000437
0.000429
0.000429
0.000421
0.000425
0.000427
0.000425
0.000420
0.000426
0.000444
0.000439
0.000447
0.000445
0.000434
0.000442
0.000443
0.000448
0.000458
0.000463
0.000469
0.000479
0.000473
0.000484
0.000488
0.000490
0.000485
0.000481
0.000475
0.000478
0.000463
0.000469
0.000472
0.000470
0.000461
0.000455
0.000448
0.000442
0.000437
0.000442
0.000434
0.000433
0.000432
0.000440
0.000434
0.000431
0.000425
0.000420
0.000425
0.000420
0.000429
0.000425
0.000427
0.000435
0.000436
0.000436
0.000435
0.000431
0.000429
0.000428
0.000431
0.000427
0.000430
0.000437
0.000441
0.000446
0.000438
0.000435
0.000428
0.000429
0.000435
0.000431
0.000425
0.000432
0.000435
0.000438
0.000433
0.000434
0.000433
0.000436
0.000429
0.000435
0.000430
0.000426
0.000428
0.000421
0.000429
0.000430
0.000434
0.000426
0.000423
0.000427
0.000423
0.000417
0.000411
0.000416
0.000416
0.000418
0.000423
0.000422
0.000413
0.000407
0.000402
0.000402
0.000399
0.000401
0.000402
0.000407
0.000393
0.000387
0.000385
0.000387
0.000379
0.000379
0.000377
0.000378
0.000376
0.000375
0.000377
0.000377
0.000376
0.000376
0.000375
0.000369
0.000371
0.000372
0.000365
0.000363
0.000357
0.000354
0.000356
0.000360
0.000360
0.000353
0.000355
0.000349
0.000352
0.000355
0.000358
0.000363
0.000355
0.000349
0.000352
0.000354
0.000357
0.000353
0.000352
0.000349
0.000346
0.000353
0.000349
0.000351
0.000346
0.000347
0.000346
0.000345
0.000343
0.000345
0.000346
0.000340
0.000335
0.000338
0.000334
0.000331
0.000333
0.000337
0.000340
0.000341
0.000341
0.000338
0.000334
0.000331
0.000330
0.000327
0.000323
0.000326
0.000320
0.000319
0.000318
0.000316
0.000317
0.000311
0.000307
0.000305
0.000304
0.000301
0.000303
0.000303
0.000302
0.000299
0.000303
0.000301
0.000301
0.000302
0.000298
0.000298
0.000295
0.000291
0.000292
0.000293
0.000296
0.000296
0.000293
0.000290
0.000293
0.000290
0.000290
0.000290
0.000293
0.000295
0.000296
0.000300
0.000301
0.000303
0.000301
0.000295
0.000291
0.000293
0.000288
0.000287
0.000286
0.000288
0.000286
0.000284
0.000280
0.000274
0.000273
0.000273
0.000274
0.000273
0.000270
0.000269
0.000267
0.000270
0.000269
0.000267
0.000267
0.000266
0.000266
0.000264
0.000263
0.000262
0.000256
0.000257
0.000257
0.000257
0.000253
0.000252
0.000256
0.000258
0.000256
0.000257
0.000254
0.000255
0.000256
0.000258
0.000258
0.000257
0.000258
0.000263
0.000266
0.000268
0.000271
0.000270
0.000267
0.000263
0.000262
0.000264
0.000263
0.000264
0.000259
0.000259
0.000253
0.000248
0.000249
0.000246
0.000247
0.000246
0.000244
0.000246
0.000244
0.000246
0.000252
0.000249
0.000253
0.000252
0.000251
0.000252
0.000249
0.000251
0.000250
0.000252
0.000254
0.000258
0.000254
0.000254
0.000255
0.000248
0.000248
0.000249
0.000250
0.000251
0.000252
0.000249
0.000250
0.000250
0.000251
0.000248
0.000254
0.000254
0.000249
0.000245
0.000241
0.000239
0.000236
0.000234
0.000239
0.000238
0.000238
0.000234
0.000234
0.000237
0.000234
0.000233
0.000232
0.000226
0.000226
0.000226
0.000228
0.000228
0.000228
0.000222
0.000220
0.000226
0.000224
0.000229
0.000229
0.000230
0.000227
0.000227
0.000229
0.000228
0.000229
0.000223
0.000221
0.000224
0.000224
0.000224
0.000220
0.000225
0.000226
0.000225
0.000222
0.000217
0.000217
0.000218
0.000214
0.000213
0.000213
0.000212
0.000215
0.000212
0.000214
0.000212
0.000211
0.000212
0.000212
0.000212
0.000216
0.000210
0.000208
0.000210
0.000209
0.000211
0.000212
0.000212
0.000217
0.000216
0.000215
0.000213
0.000216
0.000215
0.000214
0.000211
0.000211
0.000212
0.000209
0.000208
0.000207
0.000206
0.000207
0.000203
0.000200
0.000200
0.000202
0.000200
0.000195
0.000193
0.000197
0.000200
0.000200
0.000197
0.000198
0.000196
0.000193
0.000194
0.000192
0.000190
0.000188
0.000188
0.000185
0.000186
0.000186
0.000182
0.000181
0.000183
0.000179
0.000182
0.000184
0.000183
0.000183
0.000186
0.000186
0.000188
0.000183
0.000186
0.000185
0.000182
0.000183
0.000183
0.000183
0.000182
0.000179
0.000180
0.000179
0.000176
0.000178
0.000175
0.000177
0.000174
0.000172
0.000172
0.000172
0.000171
0.000171
0.000171
0.000169
0.000169
0.000172
0.000171
0.000172
0.000172
0.000174
0.000175
0.000173
0.000176
0.000177
0.000174
0.000174
0.000173
0.000171
0.000171
0.000176
0.000174
0.000171
0.000172
0.000170
0.000167
0.000167
0.000169
0.000166
0.000166
0.000166
0.000164
0.000167
0.000171
0.000173
0.000172
0.000173
0.000173
0.000177
0.000180
0.000183
0.000184
0.000184
0.000185
0.000184
0.000181
0.000183
0.000183
0.000181
0.000177
0.000179
0.000178
0.000176
0.000180
0.000179
0.000181
0.000182
0.000182
0.000182
0.000178
0.000179
0.000178
0.000179
0.000178
0.000178
0.000181
0.000179
0.000182
0.000184
0.000183
0.000183
0.000183
0.000184
0.000186
0.000187
0.000183
0.000179
0.000176
0.000173
0.000173
0.000171
0.000170
0.000171
0.000174
0.000175
0.000173
0.000177
0.000175
0.000175
0.000176
0.000174
0.000173
0.000169
0.000168
0.000169
0.000169
0.000168
0.000167
0.000168
0.000169
0.000170
0.000169
0.000169
0.000168
0.000171
0.000171
0.000172
0.000168
0.000170
0.000168
0.000166
0.000161
0.000161
0.000165
0.000167
0.000167
0.000167
0.000169
0.000170
0.000170
0.000170
0.000169
0.000168
0.000164
0.000160
0.000158
0.000158
0.000157
0.000158
0.000159
0.000157
0.000153
0.000153
0.000150
0.000151
0.000151
0.000151
0.000150
0.000148
0.000146
0.000145
0.000144
0.000141
0.000140
0.000137
0.000131
0.000132
0.000129
0.000128
0.000125
0.000126
0.000125
0.000125
0.000126
0.000127
0.000128
0.000125
0.000127
0.000124
0.000123
0.000121
0.000120
0.000118
0.000119
0.000120
0.000121
0.000119
0.000117
0.000118
0.000117
0.000117
0.000119
0.000117
0.000113
0.000116
0.000116
0.000116
0.000115
0.000114
0.000111
0.000107
0.000106
0.000106
0.000103
0.000102
0.000103
0.000104
0.000105
0.000105
0.000101
0.000099
0.000097
0.000095
0.000095
0.000095
0.000093
0.000091
0.000092
0.000091
0.000090
0.000086
0.000085
0.000085
0.000086
0.000086
0.000084
0.000087
0.000090
0.000086
0.000087
0.000090
0.000089
0.000088
0.000085
0.000083
0.000082
0.000082
0.000081
0.000084
0.000084
0.000086
0.000086
0.000084
0.000083
0.000082
0.000083
0.000080
0.000082
0.000084
0.000083
0.000083
0.000081
0.000079
0.000080
0.000080
0.000079
0.000080
0.000078
0.000080
0.000078
0.000080
0.000077
0.000077
0.000075
0.000074
0.000073
0.000074
0.000073
0.000074
0.000078
0.000075
0.000075
0.000073
0.000074
0.000075
0.000076
0.000075
0.000074
0.000072
0.000073
0.000073
0.000074
0.000074
0.000071
0.000072
0.000070
0.000069
0.000064
0.000062
0.000062
0.000063
0.000059
0.000059
0.000059
0.000059
0.000059
0.000059
0.000059
0.000059
0.000059
0.000060
0.000060
0.000061
0.000059
0.000059
0.000059
0.000060
0.000060
0.000059
0.000058
0.000058
0.000056
0.000057
0.000055
0.000054
0.000055
0.000054
0.000053
0.000054
0.000056
0.000056
0.000054
0.000055
0.000053
0.000051
0.000051
0.000051
0.000051
0.000050
0.000049
0.000047
0.000048
0.000046
0.000042
0.000039
0.000040
0.000038
0.000038
0.000039
0.000039
0.000040
0.000037
0.000035
0.000034
0.000031
0.000030
0.000029
0.000028
0.000027
0.000028
0.000028
0.000026
0.000025
0.000023
0.000022
0.000020
0.000018
0.000017
0.000016
0.000016
0.000017
0.000015
0.000013
0.000012
0.000007
0.000000
