25
50
75
100
125
150
175
200
225
250
275
300
325
350
375
400
425
450
475
500
525
550
575
600
625
650
675
700
725
750
775
800
825
850
875
900
925
950
975
1000
1025
1050
1075
1100
1125
1150
1175
1200
1225
1250
1275
1300
1325
1350
1375
1400
1425
1450
1475
1500
1525
1550
1575
1600
1625
1650
1675
1700
1725
1750
1775
1800
1825
1850
1875
1900
1925
1950
1975
2000
2025
2050
2075
2100
2125
2150
2175
2200
2225
2250
2275
2300
2325
2350
2375
2400
2425
2450
2475
2500
2525
2550
2575
2600
2625
2650
2675
2700
2725
2750
2775
2800
2825
2850
2875
2900
2925
2950
2975
3000
3025
3050
3075
3100
3125
3150
3175
3200
3225
3250
3275
3300
3325
3350
3375
3400
3425
3450
3475
3500
3525
3550
3575
3600
3625
3650
3675
3700
3725
3750
3775
3800
3825
3850
3875
3900
3925
3950
3975
4000
4025
4050
4075
4100
4125
4150
4175
4200
4225
4250
4275
4300
4325
4350
4375
4400
4425
4450
4475
4500
4525
4550
4575
4600
4625
4650
4675
4700
4725
4750
4775
4800
4825
4850
4875
4900
4925
4950
4975
5000
5025
5050
5075
5100
5125
5150
5175
5200
5225
5250
5275
5300
5325
5350
5375
5400
5425
5450
5475
5500
5525
5550
5575
5600
5625
5650
5675
5700
5725
5750
5775
5800
5825
5850
5875
5900
5925
5950
5975
6000
6025
6050
6075
6100
6125
6150
6175
6200
6225
6250
6275
6300
6325
6350
6375
6400
6425
6450
6475
6500
6525
6550
6575
6600
6625
6650
6675
6700
6725
6750
6775
6800
6825
6850
6875
6900
6925
6950
6975
7000
7025
7050
7075
7100
7125
7150
7175
7200
7225
7250
7275
7300
7325
7350
7375
7400
7425
7450
7475
7500
7525
7550
7575
7600
7625
7650
7675
7700
7725
7750
7775
7800
7825
7850
7875
7900
7925
7950
7975
8000
8025
8050
8075
8100
8125
8150
8175
8200
8225
8250
8275
8300
8325
8350
8375
8400
8425
8450
8475
8500
8525
8550
8575
8600
8625
8650
8675
8700
8725
8750
8775
8800
8825
8850
8875
8900
8925
8950
8975
9000
9025
9050
9075
9100
9125
9150
9175
9200
9225
9250
9275
9300
9325
9350
9375
9400
9425
9450
9475
9500
9525
9550
9575
9600
9625
9650
9675
9700
9725
9750
9775
9800
9825
9850
9875
9900
9925
9950
9975
10000
10025
10050
10075
10100
10125
10150
10175
10200
10225
10250
10275
10300
10325
10350
10375
10400
10425
10450
10475
10500
10525
10550
10575
10600
10625
10650
10675
10700
10725
10750
10775
10800
10825
10850
10875
10900
10925
10950
10975
11000
11025
11050
11075
11100
11125
11150
11175
11200
11225
11250
11275
11300
11325
11350
11375
11400
11425
11450
11475
11500
11525
11550
11575
11600
11625
11650
11675
11700
11725
11750
11775
11800
11825
11850
11875
11900
11925
11950
11975
12000
12025
12050
12075
12100
12125
12150
12175
12200
12225
12250
12275
12300
12325
12350
12375
12400
12425
12450
12475
12500
12525
12550
12575
12600
12625
12650
12675
12700
12725
12750
12775
12800
12825
12850
12875
12900
12925
12950
12975
13000
13025
13050
13075
13100
13125
13150
13175
13200
13225
13250
13275
13300
13325
13350
13375
13400
13425
13450
13475
13500
13525
13550
13575
13600
13625
13650
13675
13700
13725
13750
13775
13800
13825
13850
13875
13900
13925
13950
13975
14000
14025
14050
14075
14100
14125
14150
14175
14200
14225
14250
14275
14300
14325
14350
14375
14400
14425
14450
14475
14500
14525
14550
14575
14600
14625
14650
14675
14700
14725
14750
14775
14800
14825
14850
14875
14900
14925
14950
14975
15000
15025
15050
15075
15100
15125
15150
15175
15200
15225
15250
15275
15300
15325
15350
15375
15400
15425
15450
15475
15500
15525
15550
15575
15600
15625
15650
15675
15700
15725
15750
15775
15800
15825
15850
15875
15900
15925
15950
15975
16000
16025
16050
16075
16100
16125
16150
16175
16200
16225
16250
16275
16300
16325
16350
16375
16400
16425
16450
16475
16500
16525
16550
16575
16600
16625
16650
16675
16700
16725
16750
16775
16800
16825
16850
16875
16900
16925
16950
16975
17000
17025
17050
17075
17100
17125
17150
17175
17200
17225
17250
17275
17300
17325
17350
17375
17400
17425
17450
17475
17500
17525
17550
17575
17600
17625
17650
17675
17700
17725
17750
17775
17800
17825
17850
17875
17900
17925
17950
17975
18000
18025
18050
18075
18100
18125
18150
18175
18200
18225
18250
18275
18300
18325
18350
18375
18400
18425
18450
18475
18500
18525
18550
18575
18600
18625
18650
18675
18700
18725
18750
18775
18800
18825
18850
18875
18900
18925
18950
18975
19000
19025
19050
19075
19100
19125
19150
19175
19200
19225
19250
19275
19300
19325
19350
19375
19400
19425
19450
19475
19500
19525
19550
19575
19600
19625
19650
19675
19700
19725
19750
19775
19800
19825
19850
19875
19900
19925
19950
19975
20000
20025
20050
20075
20100
20125
20150
20175
20200
20225
20250
20275
20300
20325
20350
20375
20400
20425
20450
20475
20500
20525
20550
20575
20600
20625
20650
20675
20700
20725
20750
20775
20800
20825
20850
20875
20900
20925
20950
20975
21000
21025
21050
21075
21100
21125
21150
21175
21200
21225
21250
21275
21300
21325
21350
21375
21400
21425
21450
21475
21500
21525
21550
21575
21600
21625
21650
21675
21700
21725
21750
21775
21800
21825
21850
21875
21900
21925
21950
21975
22000
22025
22050
22075
22100
22125
22150
22175
22200
22225
22250
22275
22300
22325
22350
22375
22400
22425
22450
22475
22500
22525
22550
22575
22600
22625
22650
22675
22700
22725
22750
22775
22800
22825
22850
22875
22900
22925
22950
22975
23000
23025
23050
23075
23100
23125
23150
23175
23200
23225
23250
23275
23300
23325
23350
23375
23400
23425
23450
23475
23500
23525
23550
23575
23600
23625
23650
23675
23700
23725
23750
23775
23800
23825
23850
23875
23900
23925
23950
23975
24000
24025
24050
24075
24100
24125
24150
24175
24200
24225
24250
24275
24300
24325
24350
24375
24400
24425
24450
24475
24500
24525
24550
24575
24600
24625
24650
24675
24700
24725
24750
24775
24800
24825
24850
24875
24900
24925
24950
24975
25000
25025
25050
25075
25100
25125
25150
25175
25200
25225
25250
25275
25300
25325
25350
25375
25400
25425
25450
25475
25500
25525
25550
25575
25600
25625
25650
25675
25700
25725
25750
25775
25800
25825
25850
25875
25900
25925
25950
25975
26000
26025
26050
26075
26100
26125
26150
26175
26200
26225
26250
26275
26300
26325
26350
26375
26400
26425
26450
26475
26500
26525
26550
26575
26600
26625
26650
26675
26700
26725
26750
26775
26800
26825
26850
26875
26900
26925
26950
26975
27000
27025
27050
27075
27100
27125
27150
27175
27200
27225
27250
27275
27300
27325
27350
27375
27400
27425
27450
27475
27500
27525
27550
27575
27600
27625
27650
27675
27700
27725
27750
27775
27800
27825
27850
27875
27900
27925
27950
27975
28000
28025
28050
28075
28100
28125
28150
28175
28200
28225
28250
28275
28300
28325
28350
28375
28400
28425
28450
28475
28500
28525
28550
28575
28600
28625
28650
28675
28700
28725
28750
28775
28800
28825
28850
28875
28900
28925
28950
28975
29000
29025
29050
29075
29100
29125
29150
29175
29200
29225
29250
29275
29300
29325
29350
29375
29400
29425
29450
29475
29500
29525
29550
29575
29600
29625
29650
29675
29700
29725
29750
29775
29800
29825
29850
29875
29900
29925
29950
29975
30000
30025
30050
30075
30100
30125
30150
30175
30200
30225
30250
30275
30300
30325
30350
30375
30400
30425
30450
30475
30500
30525
30550
30575
30600
30625
30650
30675
30700
30725
30750
30775
30800
30825
30850
30875
30900
30925
30950
30975
31000
31025
31050
31075
31100
31125
31150
31175
31200
31225
31250
31275
31300
31325
31350
31375
31400
31425
31450
31475
31500
31525
31550
31575
31600
31625
31650
31675
31700
31725
31750
31775
31800
31825
31850
31875
31900
31925
31950
31975
32000
32025
32050
32075
32100
32125
32150
32175
32200
32225
32250
32275
32300
32325
32350
32375
32400
32425
32450
32475
32500
32525
32550
32575
32600
32625
32650
32675
32700
32725
32750
32775
32800
32825
32850
32875
32900
32925
32950
32975
33000
33025
33050
33075
33100
33125
33150
33175
33200
33225
33250
33275
33300
33325
33350
33375
33400
33425
33450
33475
33500
33525
33550
33575
33600
33625
33650
33675
33700
33725
33750
33775
33800
33825
33850
33875
33900
33925
33950
33975
34000
34025
34050
34075
34100
34125
34150
34175
34200
34225
34250
34275
34300
34325
34350
34375
34400
34425
34450
34475
34500
34525
34550
34575
34600
34625
34650
34675
34700
34725
34750
34775
34800
34825
34850
34875
34900
34925
34950
34975
35000
35025
35050
35075
35100
35125
35150
35175
35200
35225
35250
35275
35300
35325
35350
35375
35400
35425
35450
35475
35500
35525
35550
35575
35600
35625
35650
35675
35700
35725
35750
35775
35800
35825
35850
35875
35900
35925
35950
35975
36000
36025
36050
36075
36100
36125
36150
36175
36200
36225
36250
36275
36300
36325
36350
36375
36400
36425
36450
36475
36500
36525
36550
36575
36600
36625
36650
36675
36700
36725
36750
36775
36800
36825
36850
36875
36900
36925
36950
36975
37000
37025
37050
37075
37100
37125
37150
37175
37200
37225
37250
37275
37300
37325
37350
37375
37400
37425
37450
37475
37500
37525
37550
37575
37600
37625
37650
37675
37700
37725
37750
37775
37800
37825
37850
37875
37900
37925
37950
37975
38000
38025
38050
38075
38100
38125
38150
38175
38200
38225
38250
38275
38300
38325
38350
38375
38400
38425
38450
38475
38500
38525
38550
38575
38600
38625
38650
38675
38700
38725
38750
38775
38800
38825
38850
38875
38900
38925
38950
38975
39000
39025
39050
39075
39100
39125
39150
39175
39200
39225
39250
39275
39300
39325
39350
39375
39400
39425
39450
39475
39500
39525
39550
39575
39600
39625
39650
39675
39700
39725
39750
39775
39800
39825
39850
39875
39900
39925
39950
39975
40000
40025
40050
40075
40100
40125
40150
40175
40200
40225
40250
40275
40300
40325
40350
40375
40400
40425
40450
40475
40500
40525
40550
40575
40600
40625
40650
40675
40700
40725
40750
40775
40800
40825
40850
40875
40900
40925
40950
40975
41000
41025
41050
41075
41100
41125
41150
41175
41200
41225
41250
41275
41300
41325
41350
41375
41400
41425
41450
41475
41500
41525
41550
41575
41600
41625
41650
41675
41700
41725
41750
41775
41800
41825
41850
41875
41900
41925
41950
41975
42000
42025
42050
42075
42100
42125
42150
42175
42200
42225
42250
42275
42300
42325
42350
42375
42400
42425
42450
42475
42500
42525
42550
42575
42600
42625
42650
42675
42700
42725
42750
42775
42800
42825
42850
42875
42900
42925
42950
42975
43000
43025
43050
43075
43100
43125
43150
43175
43200
43225
43250
43275
43300
43325
43350
43375
43400
43425
43450
43475
43500
43525
43550
43575
43600
43625
43650
43675
43700
43725
43750
43775
43800
43825
43850
43875
43900
43925
43950
43975
44000
44025
44050
44075
44100
44125
44150
44175
44200
44225
44250
44275
44300
44325
44350
44375
44400
44425
44450
44475
44500
44525
44550
44575
44600
44625
44650
44675
44700
44725
44750
44775
44800
44825
44850
44875
44900
44925
44950
44975
45000
45025
45050
45075
45100
45125
45150
45175
45200
45225
45250
45275
45300
45325
45350
45375
45400
45425
45450
45475
45500
45525
45550
45575
45600
45625
45650
45675
45700
45725
45750
45775
45800
45825
45850
45875
45900
45925
45950
45975
46000
46025
46050
46075
46100
46125
46150
46175
46200
46225
46250
46275
46300
46325
46350
46375
46400
46425
46450
46475
46500
46525
46550
46575
46600
46625
46650
46675
46700
46725
46750
46775
46800
46825
46850
46875
46900
46925
46950
46975
47000
47025
47050
47075
47100
47125
47150
47175
47200
47225
47250
47275
47300
47325
47350
47375
47400
47425
47450
47475
47500
47525
47550
47575
47600
47625
47650
47675
47700
47725
47750
47775
47800
47825
47850
47875
47900
47925
47950
47975
48000
48025
48050
48075
48100
48125
48150
48175
48200
48225
48250
48275
48300
48325
48350
48375
48400
48425
48450
48475
48500
48525
48550
48575
48600
48625
48650
48675
48700
48725
48750
48775
48800
48825
48850
48875
48900
48925
48950
48975
49000
49025
49050
49075
49100
49125
49150
49175
49200
49225
49250
49275
49300
49325
49350
49375
49400
49425
49450
49475
49500
49525
49550
49575
49600
49625
49650
49675
49700
49725
49750
49775
49800
49825
49850
49875
49900
49925
49950
49975
50000
50025
50050
50075
50100
50125
50150
50175
50200
50225
50250
50275
50300
50325
50350
50375
50400
50425
50450
50475
50500
50525
50550
50575
50600
50625
50650
50675
50700
50725
50750
50775
50800
50825
50850
50875
50900
50925
50950
50975
51000
51025
51050
51075
51100
51125
51150
51175
51200
51225
51250
51275
51300
51325
51350
51375
51400
51425
51450
51475
51500
51525
51550
51575
51600
51625
51650
51675
51700
51725
51750
51775
51800
51825
51850
51875
51900
51925
51950
51975
52000
52025
52050
52075
52100
52125
52150
52175
52200
52225
52250
52275
52300
52325
52350
52375
52400
52425
52450
52475
52500
52525
52550
52575
52600
52625
52650
52675
52700
52725
52750
52775
52800
52825
52850
52875
52900
52925
52950
52975
53000
53025
53050
53075
53100
53125
53150
53175
53200
53225
53250
53275
53300
53325
53350
53375
53400
53425
53450
53475
53500
53525
53550
53575
53600
53625
53650
53675
53700
53725
53750
53775
53800
53825
53850
53875
53900
53925
53950
53975
54000
54025
54050
54075
54100
54125
54150
54175
54200
54225
54250
54275
54300
54325
54350
54375
54400
54425
54450
54475
54500
54525
54550
54575
54600
54625
54650
54675
54700
54725
54750
54775
54800
54825
54850
54875
54900
54925
54950
54975
55000
55025
55050
55075
55100
55125
55150
55175
55200
55225
55250
55275
55300
55325
55350
55375
55400
55425
55450
55475
55500
55525
55550
55575
55600
55625
55650
55675
55700
55725
55750
55775
55800
55825
55850
55875
55900
55925
55950
55975
56000
56025
56050
56075
56100
56125
56150
56175
56200
56225
56250
56275
56300
56325
56350
56375
56400
56425
56450
56475
56500
56525
56550
56575
56600
56625
56650
56675
56700
56725
56750
56775
56800
56825
56850
56875
56900
56925
56950
56975
57000
57025
57050
57075
57100
57125
57150
57175
57200
57225
57250
57275
57300
57325
57350
57375
57400
57425
57450
57475
57500
57525
57550
57575
57600
57625
57650
57675
57700
57725
57750
57775
57800
57825
57850
57875
57900
57925
57950
57975
58000
58025
58050
58075
58100
58125
58150
58175
58200
58225
58250
58275
58300
58325
58350
58375
58400
58425
58450
58475
58500
58525
58550
58575
58600
58625
58650
58675
58700
58725
58750
58775
58800
58825
58850
58875
58900
58925
58950
58975
59000
59025
59050
59075
59100
59125
59150
59175
59200
59225
59250
59275
59300
59325
59350
59375
59400
59425
59450
59475
59500
59525
59550
59575
59600
59625
59650
59675
59700
59725
59750
59775
59800
59825
59850
59875
59900
59925
59950
59975
60000
60025
60050
60075
60100
60125
60150
60175
60200
60225
60250
60275
60300
60325
60350
60375
60400
60425
60450
60475
60500
60525
60550
60575
60600
60625
60650
60675
60700
60725
60750
60775
60800
60825
60850
60875
60900
60925
60950
60975
61000
61025
61050
61075
61100
61125
61150
61175
61200
61225
61250
61275
61300
61325
61350
61375
61400
61425
61450
61475
61500
61525
61550
61575
61600
61625
61650
61675
61700
61725
61750
61775
61800
61825
61850
61875
61900
61925
61950
61975
62000
62025
62050
62075
62100
62125
62150
62175
62200
62225
62250
62275
62300
62325
62350
62375
62400
62425
62450
62475
62500
62525
62550
62575
62600
62625
62650
62675
62700
62725
62750
62775
62800
62825
62850
62875
62900
62925
62950
62975
63000
63025
63050
63075
63100
63125
63150
63175
63200
63225
63250
63275
63300
63325
63350
63375
63400
63425
63450
63475
63500
63525
63550
63575
63600
63625
63650
63675
63700
63725
63750
63775
63800
63825
63850
63875
63900
63925
63950
63975
64000
64025
64050
64075
64100
64125
64150
64175
64200
64225
64250
64275
64300
64325
64350
64375
64400
64425
64450
64475
64500
64525
64550
64575
64600
64625
64650
64675
64700
64725
64750
64775
64800
64825
64850
64875
64900
64925
64950
64975
65000
65025
65050
65075
65100
65125
65150
65175
65200
65225
65250
65275
65300
65325
65350
65375
65400
65425
65450
65475
65500
65525
65550
65575
65600
65625
65650
65675
65700
65725
65750
65775
65800
65825
65850
65875
65900
65925
65950
65975
66000
66025
66050
66075
66100
66125
66150
66175
66200
66225
66250
66275
66300
66325
66350
66375
66400
66425
66450
66475
66500
66525
66550
66575
66600
66625
66650
66675
66700
66725
66750
66775
66800
66825
66850
66875
66900
66925
66950
66975
67000
67025
67050
67075
67100
67125
67150
67175
67200
67225
67250
67275
67300
67325
67350
67375
67400
67425
67450
67475
67500
67525
67550
67575
67600
67625
67650
67675
67700
67725
67750
67775
67800
67825
67850
67875
67900
67925
67950
67975
68000
68025
68050
68075
68100
68125
68150
68175
68200
68225
68250
68275
68300
68325
68350
68375
68400
68425
68450
68475
68500
68525
68550
68575
68600
68625
68650
68675
68700
68725
68750
68775
68800
68825
68850
68875
68900
68925
68950
68975
69000
69025
69050
69075
69100
69125
69150
69175
69200
69225
69250
69275
69300
69325
69350
69375
69400
69425
69450
69475
69500
69525
69550
69575
69600
69625
69650
69675
69700
69725
69750
69775
69800
69825
69850
69875
69900
69925
69950
69975
70000
70025
70050
70075
70100
70125
70150
70175
70200
70225
70250
70275
70300
70325
70350
70375
70400
70425
70450
70475
70500
70525
70550
70575
70600
70625
70650
70675
70700
70725
70750
70775
70800
70825
70850
70875
70900
70925
70950
70975
71000
71025
71050
71075
71100
71125
71150
71175
71200
71225
71250
71275
71300
71325
71350
71375
71400
71425
71450
71475
71500
71525
71550
71575
71600
71625
71650
71675
71700
71725
71750
71775
71800
71825
71850
71875
71900
71925
71950
71975
72000
72025
72050
72075
72100
72125
72150
72175
72200
72225
72250
72275
72300
72325
72350
72375
72400
72425
72450
72475
72500
72525
72550
72575
72600
72625
72650
72675
72700
72725
72750
72775
72800
72825
72850
72875
72900
72925
72950
72975
73000
73025
73050
73075
73100
73125
73150
73175
73200
73225
73250
73275
73300
73325
73350
73375
73400
73425
73450
73475
73500
73525
73550
73575
73600
73625
73650
73675
73700
73725
73750
73775
73800
73825
73850
73875
73900
73925
73950
73975
74000
74025
74050
74075
74100
74125
74150
74175
74200
74225
74250
74275
74300
74325
74350
74375
74400
74425
74450
74475
74500
74525
74550
74575
74600
74625
74650
74675
74700
74725
74750
74775
74800
74825
74850
74875
74900
74925
74950
74975
75000
75025
75050
75075
75100
75125
75150
75175
75200
75225
75250
75275
75300
75325
75350
75375
75400
75425
75450
75475
75500
75525
75550
75575
75600
75625
75650
75675
75700
75725
75750
75775
75800
75825
75850
75875
75900
75925
75950
75975
76000
76025
76050
76075
76100
76125
76150
76175
76200
76225
76250
76275
76300
76325
76350
76375
76400
76425
76450
76475
76500
76525
76550
76575
76600
76625
76650
76675
76700
76725
76750
76775
76800
76825
76850
76875
76900
76925
76950
76975
77000
77025
77050
77075
77100
77125
77150
77175
77200
77225
77250
77275
77300
77325
77350
77375
77400
77425
77450
77475
77500
77525
77550
77575
77600
77625
77650
77675
77700
77725
77750
77775
77800
77825
77850
77875
77900
77925
77950
77975
78000
78025
78050
78075
78100
78125
78150
78175
78200
78225
78250
78275
78300
78325
78350
78375
78400
78425
78450
78475
78500
78525
78550
78575
78600
78625
78650
78675
78700
78725
78750
78775
78800
78825
78850
78875
78900
78925
78950
78975
79000
79025
79050
79075
79100
79125
79150
79175
79200
79225
79250
79275
79300
79325
79350
79375
79400
79425
79450
79475
79500
79525
79550
79575
79600
79625
79650
79675
79700
79725
79750
79775
79800
79825
79850
79875
79900
79925
79950
79975
80000
80025
80050
80075
80100
80125
80150
80175
80200
80225
80250
80275
80300
80325
80350
80375
80400
80425
80450
80475
80500
80525
80550
80575
80600
80625
80650
80675
80700
80725
80750
80775
80800
80825
80850
80875
80900
80925
80950
80975
81000
81025
81050
81075
81100
81125
81150
81175
81200
81225
81250
81275
81300
81325
81350
81375
81400
81425
81450
81475
81500
81525
81550
81575
81600
81625
81650
81675
81700
81725
81750
81775
81800
81825
81850
81875
81900
81925
81950
81975
82000
82025
82050
82075
82100
82125
82150
82175
82200
82225
82250
82275
82300
82325
82350
82375
82400
82425
82450
82475
82500
82525
82550
82575
82600
82625
82650
82675
82700
82725
82750
82775
82800
82825
82850
82875
82900
82925
82950
82975
83000
83025
83050
83075
83100
83125
83150
83175
83200
83225
83250
83275
83300
83325
83350
83375
83400
83425
83450
83475
83500
83525
83550
83575
83600
83625
83650
83675
83700
83725
83750
83775
83800
83825
83850
83875
83900
83925
83950
83975
84000
84025
84050
84075
84100
84125
84150
84175
84200
84225
84250
84275
84300
84325
84350
84375
84400
84425
84450
84475
84500
84525
84550
84575
84600
84625
84650
84675
84700
84725
84750
84775
84800
84825
84850
84875
84900
84925
84950
84975
85000
85025
85050
85075
85100
85125
85150
85175
85200
85225
85250
85275
85300
85325
85350
85375
85400
85425
85450
85475
85500
85525
85550
85575
85600
85625
85650
85675
85700
85725
85750
85775
85800
85825
85850
85875
85900
85925
85950
85975
86000
86025
86050
86075
86100
86125
86150
86175
86200
86225
86250
86275
86300
86325
86350
86375
86400
86425
86450
86475
86500
86525
86550
86575
86600
86625
86650
86675
86700
86725
86750
86775
86800
86825
86850
86875
86900
86925
86950
86975
87000
87025
87050
87075
87100
87125
87150
87175
87200
87225
87250
87275
87300
87325
87350
87375
87400
87425
87450
87475
87500
87525
87550
87575
87600
87625
87650
87675
87700
87725
87750
87775
87800
87825
87850
87875
87900
87925
87950
87975
88000
88025
88050
88075
88100
88125
88150
88175
88200
88225
88250
88275
88300
88325
88350
88375
88400
88425
88450
88475
88500
88525
88550
88575
88600
88625
88650
88675
88700
88725
88750
88775
88800
88825
88850
88875
88900
88925
88950
88975
89000
89025
89050
89075
89100
89125
89150
89175
89200
89225
89250
89275
89300
89325
89350
89375
89400
89425
89450
89475
89500
89525
89550
89575
89600
89625
89650
89675
89700
89725
89750
89775
89800
89825
89850
89875
89900
89925
89950
89975
90000
90025
90050
90075
90100
90125
90150
90175
90200
90225
90250
90275
90300
90325
90350
90375
90400
90425
90450
90475
90500
90525
90550
90575
90600
90625
90650
90675
90700
90725
90750
90775
90800
90825
90850
90875
90900
90925
90950
90975
91000
91025
91050
91075
91100
91125
91150
91175
91200
91225
91250
91275
91300
91325
91350
91375
91400
91425
91450
91475
91500
91525
91550
91575
91600
91625
91650
91675
91700
91725
91750
91775
91800
91825
91850
91875
91900
91925
91950
91975
92000
92025
92050
92075
92100
92125
92150
92175
92200
92225
92250
92275
92300
92325
92350
92375
92400
92425
92450
92475
92500
92525
92550
92575
92600
92625
92650
92675
92700
92725
92750
92775
92800
92825
92850
92875
92900
92925
92950
92975
93000
93025
93050
93075
93100
93125
93150
93175
93200
93225
93250
93275
93300
93325
93350
93375
93400
93425
93450
93475
93500
93525
93550
93575
93600
93625
93650
93675
93700
93725
93750
93775
93800
93825
93850
93875
93900
93925
93950
93975
94000
94025
94050
94075
94100
94125
94150
94175
94200
94225
94250
94275
94300
94325
94350
94375
94400
94425
94450
94475
94500
94525
94550
94575
94600
94625
94650
94675
94700
94725
94750
94775
94800
94825
94850
94875
94900
94925
94950
94975
95000
95025
95050
95075
95100
95125
95150
95175
95200
95225
95250
95275
95300
95325
95350
95375
95400
95425
95450
95475
95500
95525
95550
95575
95600
95625
95650
95675
95700
95725
95750
95775
95800
95825
95850
95875
95900
95925
95950
95975
96000
96025
96050
96075
96100
96125
96150
96175
96200
96225
96250
96275
96300
96325
96350
96375
96400
96425
96450
96475
96500
96525
96550
96575
96600
96625
96650
96675
96700
96725
96750
96775
96800
96825
96850
96875
96900
96925
96950
96975
97000
97025
97050
97075
97100
97125
97150
97175
97200
97225
97250
97275
97300
97325
97350
97375
97400
97425
97450
97475
97500
97525
97550
97575
97600
97625
97650
97675
97700
97725
97750
97775
97800
97825
97850
97875
97900
97925
97950
97975
98000
98025
98050
98075
98100
98125
98150
98175
98200
98225
98250
98275
98300
98325
98350
98375
98400
98425
98450
98475
98500
98525
98550
98575
98600
98625
98650
98675
98700
98725
98750
98775
98800
98825
98850
98875
98900
98925
98950
98975
99000
99025
99050
99075
99100
99125
99150
99175
99200
99225
99250
99275
99300
99325
99350
99375
99400
99425
99450
99475
99500
99525
99550
99575
99600
99625
99650
99675
99700
99725
99750
99775
99800
99825
99850
99875
99900
99925
99950
99975
100000