0.014	2752
0.007	2816
0.006	2816
0.006	2720
0.006	2832
0.006	2720
0.005	2784
0.005	2720
0.005	2720
0.005	2928
0.005	2752
0.005	2816
0.005	3040
0.005	2688
0.005	2752
0.006	2976
0.005	2864
0.006	2976
0.004	2688
0.005	2688
0.005	2688
0.005	2752
0.005	2688
0.005	2688
0.005	2752
0.005	2752
0.005	2944
0.006	2848
0.006	3104
0.006	2800
0.005	2688
0.005	2720
0.005	2720
0.005	3040
0.005	2816
0.005	2768
0.006	2768
0.004	2720
0.005	2832
0.004	2720
0.006	2880
0.006	2880
0.005	2736
0.006	2944
0.005	2720
0.005	2912
0.005	2752
0.004	2720
0.005	2816
0.005	2688
0.005	2720
0.006	2944
0.006	2848
0.005	2752
0.005	2816
0.014	3840
0.005	2832
0.005	2720
0.005	2752
0.006	2816
0.005	2768
0.005	2768
0.005	2768
0.005	2816
0.005	2720
0.005	2752
0.005	2736
0.004	2688
0.005	2720
0.005	2768
0.005	2720
0.005	2832
0.005	2864
0.005	2880
0.005	2752
0.005	2752
0.005	2976
0.005	2752
0.005	2848
0.005	2752
0.005	2752
0.006	2832
0.005	2688
0.005	2896
0.005	2784
0.005	2752
0.005	2752
0.005	2752
0.005	2880
0.005	2752
0.005	2688
0.005	2720
0.005	2720
0.005	2896
0.004	2688
0.004	2688
0.005	2816
0.004	2688
0.005	2768
0.005	2720
0.005	2720
0.004	2896
0.004	2688
0.004	2688
0.013	3616
0.005	2800
0.005	2688
0.005	2736
0.005	2736
0.004	2688
0.005	2752
0.005	2736
0.004	2720
0.006	2944
0.005	2768
0.005	2848
0.005	2752
0.005	2736
0.005	2720
0.006	2880
0.005	2816
0.005	2688
0.005	2784
0.005	2688
0.004	2688
0.005	2880
0.005	2736
0.005	2736
0.005	2752
0.013	4240
0.005	2768
0.005	2736
0.005	2736
0.005	2736
0.005	2928
0.005	2720
0.005	2864
0.005	2720
0.005	2768
0.005	2848
0.005	2752
0.005	2928
0.008	3072
0.005	2912
0.005	2816
0.005	2752
0.005	2752
0.005	2880
0.005	2752
0.005	2816
0.004	2720
0.005	2720
0.006	2816
0.005	2864
0.004	2688
0.004	2720
0.005	2736
0.005	2768
0.005	2880
0.005	2720
0.014	3792
0.006	2848
0.005	2752
0.005	2752
0.005	2736
0.005	2720
0.005	2720
0.005	2720
0.005	2720
0.006	3296
0.005	2752
0.005	2736
0.005	2864
0.005	2768
0.005	2944
0.005	2752
0.006	3056
0.016	4208
0.016	4480
0.005	2752
0.006	2960
0.006	2880
0.004	2720
0.005	2736
0.005	2736
0.009	3232
0.005	2784
0.014	3760
0.014	3856
0.005	2832
0.005	2752
0.005	2736
0.005	2720
0.012	3824
0.012	3824
0.005	2752
0.010	3824
0.006	3040
0.005	2880
0.005	2720
0.005	2720
0.005	2752
0.005	2752
0.005	2944
0.005	2784
0.005	2768
0.005	2752
0.005	2752
0.004	2800
0.005	2784
0.004	2688
0.005	2720
0.005	2720
0.005	2768
0.005	2896
0.004	2720
0.005	2800
0.004	2752
0.004	2752
0.005	2752
0.005	2736
0.005	2880
0.005	2720
0.004	2688
0.005	2800
0.004	2688
0.012	3472
0.004	2720
0.004	2784
0.004	2688
0.004	2688
0.005	2752
0.005	2720
0.006	2896
0.005	2752
0.005	2752
0.006	3056
0.005	2800
0.006	3264
0.005	2768
0.006	2912
0.005	2720
0.006	2848
0.006	2848
0.005	2752
0.007	3248
0.006	2848
0.011	2976
0.007	3232
0.005	2752
0.006	2848
0.005	2752
0.005	2752
0.005	2864
0.005	2720
0.005	2848
0.005	2784
0.007	2960
0.005	2768
0.005	2752
0.005	2960
0.005	2752
0.005	2816
0.005	2720
0.005	2720
0.006	2976
0.005	2752
0.005	3136
0.004	2720
0.005	2752
0.005	2752
0.005	2720
0.005	2816
0.005	2720
0.006	2944
0.005	2720
0.006	2896
0.005	2832
0.005	2768
0.005	2768
0.005	2768
0.005	2752
0.015	3744
0.012	3504
0.005	2864
0.007	2960
0.006	2896
0.005	2832
0.009	3296
0.012	3440
0.006	2960
0.007	2944
0.006	2912
0.007	2944
0.006	2896
0.006	2784
0.005	2752
0.011	3424
0.005	2768
0.005	2848
0.005	2784
0.011	3584
0.011	3376
0.011	3360
0.005	3024
0.005	2800
0.005	2720
0.009	3232
0.010	3776
0.013	3744
0.005	2736
0.005	2960
0.005	2768
0.012	3632
0.011	3184
0.005	2720
0.004	2720
0.006	2976
0.009	3424
0.005	2688
0.005	2784
0.012	3520
0.006	2976
0.011	3232
0.010	3344
0.010	3312
0.005	2768
0.005	2720
0.005	2720
0.004	2736
0.007	3072
0.005	2752
0.005	2752
0.009	3024
0.005	2912
0.006	2848
0.016	4352
0.005	2848
0.010	3360
0.005	2960
0.008	3168
0.004	2816
0.005	2720
0.005	2784
0.005	2736
0.007	2928
0.007	3104
0.005	2752
0.006	2992
0.011	3104
0.012	3408
0.006	3040
0.009	3168
0.009	3200
0.008	3376
0.005	2688
0.006	2976
0.006	2912
0.006	2912
0.006	2800
0.006	3024
0.005	2928
0.004	2720
0.011	3632
0.012	3520
0.012	3552
0.012	3408
0.013	3600
0.012	3648
0.006	3008
0.005	2768
0.005	2688
0.005	2784
0.005	2800
0.006	2976
0.005	2832
0.005	2752
0.008	3024
0.007	2992
0.006	2960
0.014	4368
0.005	2736
0.005	2736
0.006	2832
0.019	3872
0.019	3808
0.012	3600
0.005	2752
0.008	3712
0.005	2784
0.005	2880
0.005	2784
0.005	2768
0.005	2688
0.004	2720
0.009	3440
0.009	3424
0.005	2736
0.005	2752
0.005	2736
0.006	2800
0.012	3376
0.006	2912
0.005	2800
0.014	3920
0.011	3408
0.005	2784
0.005	2784
0.007	3072
0.005	2896
0.005	2768
0.005	2768
0.005	2720
0.011	3504
0.011	3440
0.011	3200
0.011	3664
0.011	3360
0.012	3568
0.011	3456
0.008	3056
0.005	2720
0.005	2768
0.006	3104
0.006	3056
0.009	3216
0.009	3120
0.006	2800
0.007	2976
0.006	2864
0.006	2880
0.007	2976
0.006	2880
0.005	2752
0.005	2752
0.005	2752
0.005	2880
0.005	2720
0.005	2688
0.005	2720
0.004	2720
0.010	3440
0.010	3392
0.006	2880
0.006	3120
0.006	2880
0.006	3056
0.006	2880
0.006	3056
0.006	3056
0.006	3056
0.005	2752
0.005	2752
0.014	4144
0.014	4336
0.005	3040
0.014	4416
0.006	2880
0.005	2832
0.004	2720
0.005	2784
0.005	2784
0.005	2784
0.006	3024
0.005	2752
0.005	2816
0.008	3120
0.006	3072
0.006	2896
0.005	2896
0.006	2896
0.009	4160
0.006	2880
0.006	3024
0.006	2864
0.005	2720
0.006	2768
0.006	2896
0.006	3136
0.006	2784
0.005	2880
0.006	2848
0.011	4240
0.005	2752
0.005	2752
0.006	2976
0.006	3184
0.008	3248
0.009	3040
0.012	3472
0.005	2736
0.013	3712
0.004	2688
0.008	3200
0.008	3200
0.005	2720
0.005	2752
0.005	2800
0.004	2720
0.011	4048
0.005	2752
0.012	3648
0.005	2880
0.005	2752
0.005	2832
0.005	2800
0.005	2752
0.007	3088
0.005	2784
0.005	2960
0.008	3216
0.009	3360
0.005	2768
0.005	2832
0.005	2720
0.006	3008
0.006	2880
0.008	3104
0.006	2848
0.006	2992
0.005	2768
0.008	3408
0.006	2784
0.005	2752
0.005	2736
0.006	2784
0.006	2992
0.006	2768
0.006	2912
0.005	2752
0.005	2752
0.005	2752
0.005	2816
0.005	2960
0.005	2784
0.005	2880
0.011	3264
0.012	3776
0.009	3456
0.008	3232
0.005	2720
0.005	2720
0.005	3040
0.011	3360
0.013	3488
0.005	2896
0.005	2784
0.005	2784
0.005	2784
0.005	2784
0.005	2896
0.011	3472
0.011	3376
0.011	3152
0.011	3680
0.005	2784
0.005	2880
0.005	2768
0.005	2720
0.005	2768
0.010	3344
0.010	3360
0.009	3424
0.010	3360
0.009	3312
0.005	2736
0.005	2736
0.006	3136
0.006	2848
0.006	2992
0.006	2848
0.006	2848
0.006	2848
0.005	2784
0.005	2688
0.006	2976
0.006	3056
0.006	2864
0.006	3040
0.007	2992
0.005	2848
0.005	2784
0.004	2720
0.006	2864
0.005	2880
0.006	3104
0.006	2880
0.011	3888
0.006	2960
0.005	2784
0.006	2912
0.008	3264
0.008	3136
0.006	2848
0.005	2928
0.005	2752
0.004	2720
0.005	2912
0.006	3024
0.007	3728
0.006	2880
0.006	2848
0.005	2720
0.005	2736
0.011	3360
0.005	2864
0.005	2768
0.005	2752
0.018	4480
0.009	3440
0.009	3408
0.009	3296
0.006	3024
0.006	3424
0.006	3024
0.006	3280
0.006	3024
0.005	2736
0.005	2736
0.004	2736
0.005	2832
0.005	2688
0.005	2784
0.005	2800
0.004	2720
0.005	2960
0.008	3200
0.005	2880
0.012	3696
0.013	3296
0.012	3456
0.012	3328
0.013	3536
0.011	3520
0.006	2832
0.007	3232
0.005	2784
0.011	3408
0.010	3728
0.009	3552
0.006	3168
0.013	3552
0.008	3200
0.005	2720
0.005	2720
0.005	2752
0.011	3552
0.005	2864
0.005	2752
0.005	2752
0.006	2832
0.009	3168
0.005	2720
0.005	2720
0.005	2880
0.005	2736
0.004	2720
0.005	2784
0.005	2736
0.005	2880
0.014	3408
0.009	3072
0.009	3312
0.011	3504
0.008	3024
0.005	3120
0.006	3072
0.005	2864
0.005	2720
0.006	2848
0.006	2896
0.006	2848
0.006	3024
0.005	2720
0.005	2848
0.006	2832
0.005	2784
0.005	2784
0.009	3024
0.011	3440
0.006	3072
0.006	2880
0.006	3072
0.011	3504
0.005	2768
0.009	3280
0.011	3376
0.008	3008
0.007	3024
0.006	2784
0.008	3056
0.005	2736
0.006	2880
0.005	2816
0.006	2848
0.006	3072
0.006	2896
0.006	3296
0.006	2896
0.006	3120
0.006	2896
0.006	3136
0.006	2896
0.006	3088
0.006	2896
0.006	3120
0.006	2880
0.005	2752
0.005	2736
0.004	2720
0.005	2880
0.005	2752
0.005	2752
0.005	2800
0.005	2720
0.004	2832
0.011	3104
0.012	3520
0.009	3264
0.005	2720
0.006	3280
0.005	2688
0.005	2752
0.005	2688
0.006	2976
0.005	2912
0.005	2720
0.004	2720
0.005	2752
0.005	2752
0.005	2880
0.005	2752
0.005	2816
0.005	2752
0.009	3424
0.006	2784
0.005	2752
0.005	2752
0.005	2720
0.008	3216
0.008	3088
0.009	2976
0.008	3312
0.009	3088
0.008	3168
0.007	3040
0.008	3088
0.009	3216
0.009	3120
0.009	3296
0.007	3040
0.008	3200
0.008	3184
0.009	3184
0.008	3504
0.009	3088
0.007	2960
0.007	3040
0.009	3120
0.007	3232
0.008	3072
0.009	3296
0.007	2928
0.009	3168
0.008	3200
0.007	3072
0.008	3280
0.007	3104
0.008	3312
0.008	3120
0.007	2976
0.012	3792
0.014	3840
0.011	3776
0.011	3312
0.011	3728
0.009	3312
0.009	3168
0.008	3136
0.007	3136
0.006	2832
0.008	3168
0.006	2832
0.007	3216
0.008	3088
0.007	3376
0.007	3040
0.007	3264
0.009	3136
0.009	3184
0.007	3280
0.009	3136
0.009	3136
0.007	3040
0.007	3136
0.009	3280
0.009	3008
0.008	3120
0.009	2928
0.007	3088
0.008	3168
0.011	3680
0.019	4496
0.011	3648
0.018	4432
0.015	4112
0.017	4288
0.016	4384
0.015	4352
0.017	4064
0.011	3536
0.011	3616
0.016	4384
0.015	4112
0.016	4336
0.013	4064
0.015	4416
0.014	3872
0.014	3872
0.011	3376
0.011	3472
0.012	3712
0.009	3344
0.012	3184
0.011	3472
0.012	3712
0.012	3568
0.012	3600
0.012	3376
0.011	3104
0.011	3616
0.012	3408
0.010	3216
0.011	3152
0.012	3616
0.013	3712
0.011	3552
0.007	2992
0.007	2992
0.007	2960
0.007	3024
0.007	2992
0.006	2896
0.006	2992
0.007	2992
0.006	2960
0.006	2880
0.007	2880
0.007	2944
0.007	2976
0.007	2976
0.006	2992
0.007	3056
0.007	3088
0.006	2976
0.006	3104
0.007	2976
0.007	3120
0.006	2880
0.007	3008
0.006	2944
0.007	3024
0.007	2976
0.007	3136
0.016	4112
0.007	3008
0.007	3008
0.007	2880
0.007	3024
0.007	2992
0.007	2976
0.007	2944
0.007	2944
0.007	3008
0.006	2992
0.006	2880
0.006	2976
0.006	2848
0.009	3056
0.007	3120
0.008	3040
0.009	3312
0.008	3088
0.008	2992
0.008	3136
0.009	3056
0.009	3232
0.008	3088
0.006	2848
0.006	2848
0.007	2960
0.006	2848
0.007	2896
0.006	3008
0.007	2896
0.006	2848
0.006	2896
0.006	2848
0.007	3008
0.006	2848
0.006	2960
0.006	2848
0.006	3040
0.006	2848
0.007	3040
0.007	2944
0.007	3152
0.006	2944
0.007	3104
0.006	2848
0.007	3184
0.007	2848
0.006	3152
0.006	2848
0.007	3392
0.006	2848
0.007	3152
0.006	2912
0.006	3168
0.006	2848
0.006	3184
0.006	2976
0.006	3168
0.006	2848
0.008	3376
0.008	3152
0.008	3296
0.009	3040
0.008	3200
0.009	3264
0.008	3264
0.008	3312
0.008	3328
0.008	3248
0.008	3456
0.008	3200
0.008	3264
0.009	3392
0.018	4448
0.018	4000
0.018	4016
0.018	4624
0.020	4352
0.018	4320
0.019	4480
0.009	3168
0.008	3264
0.013	3616
0.012	3344
0.011	3696
0.013	3392
0.012	3520
0.012	3648
0.013	3664
0.013	3344
0.013	3392
0.013	4000
0.012	3600
0.011	3680
0.012	3424
0.012	3584
0.012	3632
0.013	3264
0.012	3376
0.010	3408
0.009	3424
0.010	3744
0.011	3664
0.012	3600
0.011	3424
0.011	3280
0.017	4464
0.011	3904
0.015	3920
0.017	4080
0.017	4448
0.013	3920
0.015	4160
0.014	4144
0.012	3824
0.013	3888
0.014	4176
0.016	4064
0.015	4176
0.013	4320
0.010	3328
0.017	4320
0.011	3488
0.012	3664
0.014	3744
0.014	4256
0.011	3760
0.018	4544
0.017	3968
0.013	3760
0.014	4352
0.011	3648
0.011	3680
0.011	3744
0.013	4128
0.012	3840
0.012	3760
0.010	3472
0.012	3680
0.011	3712
0.014	3472
0.014	3872
0.013	4208
0.015	4368
0.015	4336
0.014	4336
0.018	4464
0.015	4208
0.018	4512
0.013	4000
0.014	3664
0.014	3456
0.011	3552
0.011	3456
0.015	4432
0.011	3680
0.010	3168
0.011	3728
0.012	3536
0.011	3648
0.011	3440
0.011	3488
0.015	4352
0.017	4400
0.014	3792
0.016	4192
0.016	4160
0.015	4032
0.011	3360
0.012	3712
0.013	3488
0.148	11104
0.155	12112
0.201	15216
0.248	15712
0.278	18800
0.224	15984
0.327	20000
0.315	17472
0.096	9264
0.239	16656
0.213	14272
0.412	19472
0.197	14512
0.269	16288
0.199	14304
0.378	20624
0.260	15920
0.511	19920
0.201	14432
0.383	19328
0.625	32784
0.495	21104
0.511	23184
0.117	11616
0.444	24544
0.334	20112
0.447	20560
0.470	23296
0.477	25376
0.506	26032
0.536	26320
0.479	20304
0.376	17856
0.201	14944
0.410	22608
0.330	18880
0.270	16000
0.470	24400
0.289	18144
0.530	27120
0.276	16752
0.229	15712
0.267	18192
0.428	23456
0.465	24320
0.069	6800
0.344	20672
0.125	11968
0.502	21024
0.503	21056
0.279	19200
0.276	16368
0.324	20592
0.279	16320
0.228	14608
0.378	18800
0.380	22768
0.168	13712
0.510	21056
0.512	25392
0.512	21056
0.386	21760
0.729	33744
0.379	21952
0.210	13648
0.290	17216
0.380	22640
0.259	15248
0.372	18624
0.313	17824
0.276	15968
0.208	15456
0.210	13104
0.505	21904
0.220	13568
0.140	11824
0.269	19120
0.321	20992
0.226	15168
0.220	12976
0.210	15424
0.331	20864
0.209	12592
0.211	13136
0.364	20880
0.521	25440
0.598	31824
0.665	36064
0.358	18176
0.362	18000
0.197	14624
0.429	23360
0.237	14448
0.377	22288
0.375	22416
0.252	15024
0.412	19728
0.260	17008
0.262	18560
0.141	11984
0.205	12368
0.304	17296
0.343	18224
0.229	13408
0.218	14752
0.208	15104
0.181	13952
0.199	13616
0.172	11856
0.185	14224
0.207	12720
0.266	18448
0.319	17744
0.202	13568
0.192	14016
0.245	17664
0.215	15552
0.260	17696
0.328	20944
0.226	15344
0.246	14944
0.184	14592
0.288	15920
0.387	22608
0.270	18048
0.374	21824
0.269	16000
0.305	17056
0.367	22544
0.387	22272
0.306	19600
0.744	34576
0.246	17520
0.247	15136
0.259	17680
0.248	17360
0.307	16944
0.359	18960
0.545	22560
0.365	22352
0.184	11904
0.432	20928
0.158	10832
0.095	9424
0.259	18768
0.257	15920
0.253	15168
0.258	18608
0.256	16096
0.278	15936
0.341	16832
0.288	19440
0.231	15056
0.218	14528
0.291	17328
0.308	19520
0.338	20320
0.302	17584
0.271	19776
0.230	15056
0.249	15184
0.198	14384
0.253	18032
0.283	19376
0.530	25568
0.326	20464
0.274	15968
0.421	23424
0.431	24352
0.398	21904
0.551	24176
0.354	20992
0.213	15488
0.124	9776
0.492	23360
0.216	12592
0.397	23472
0.504	21696
0.127	11840
0.510	26528
0.271	15152
0.121	10880
0.217	14576
0.224	15584
0.359	22176
0.216	15344
0.181	13504
0.206	15088
0.202	14928
0.204	13472
0.119	10976
0.591	28048
0.539	28080
0.121	10832
0.290	16240
0.241	15776
0.169	11776
0.177	12544
0.146	12672
0.146	11248
0.226	15936
0.336	17824
0.698	34624
0.255	18320
0.146	11376
0.333	20944
0.335	18320
0.422	20128
0.210	14816
0.191	14976
0.165	11440
0.216	14752
0.165	11264
0.409	23872
0.422	21280
0.411	19792
0.202	12560
0.212	15376
0.339	20912
0.270	16048
0.228	15808
0.203	12240
0.332	20640
0.217	13360
0.201	14256
0.267	18864
0.232	16544
0.281	16176
0.347	17664
0.275	18480
0.451	24336
0.069	6608
0.787	29024
0.274	18624
0.166	10960
0.445	19568
0.446	21024
0.248	16944
0.113	11024
0.424	23424
0.212	14944
0.271	15696
0.214	14896
0.383	18032
0.236	16400
0.200	14944
0.272	18064
0.225	13200
0.201	14112
0.211	12944
0.393	22816
0.274	18784
0.251	15344
0.274	15552
0.272	18944
0.211	14992
0.235	13136
0.242	15488
0.237	13424
0.260	18464
0.271	17936
0.211	15024
0.445	24352
0.313	18800
0.286	17056
0.361	18224
0.220	15888
0.284	16304
0.228	15792
0.613	31904
0.211	15424
0.236	17360
0.482	25296
0.155	11024
0.750	35072
0.445	19472
0.579	21888
0.268	15872
0.373	21664
0.240	15072
0.479	19648
0.321	20080
0.296	16096
0.389	21856
0.435	20112
0.294	18528
0.297	19472
0.318	19568
0.300	19552
0.294	16352
0.294	17344
0.297	16432
0.339	20976
0.329	20528
0.388	17888
0.293	16304
0.730	28288
0.392	21792
0.488	24976
0.475	24400
0.276	16448
0.299	15552
0.112	9344
0.284	19536
0.284	16528
0.286	19520
0.284	16944
0.303	16208
0.437	18864
0.171	12384
0.316	15520
0.224	12560
0.457	25184
0.173	13104
0.416	22752
0.462	21280
0.125	10624
0.183	12704
0.353	21552
0.448	20432
0.230	15488
0.170	12624
0.350	19584
0.522	23136
0.111	9360
0.147	10304
0.234	15792
0.138	12512
0.405	22448
0.408	22496
0.124	11424
0.389	19440
0.171	14416
0.304	19152
0.301	19504
0.302	19440
0.305	19760
0.289	16208
0.134	10304
0.212	14320
0.129	11632
0.411	23536
0.228	14624
0.235	18176
0.260	18832
0.211	14016
0.311	16384
0.193	14848
0.200	14480
0.266	18016
0.204	14272
0.211	14864
0.249	17936
0.213	15440
0.209	15504
0.304	18160
0.314	16400
0.290	19424
0.224	13200
0.240	14496
0.280	18608
0.223	14032
0.209	12576
0.283	16800
0.231	15920
0.202	14576
0.255	17504
0.293	16368
0.227	13232
0.423	23824
0.200	14032
0.229	16000
0.235	15792
0.202	14496
0.200	14528
0.275	15392
0.283	19040
0.204	13328
0.310	19456
0.425	23856
0.206	14544
0.293	16288
0.219	13472
0.218	13600
0.232	17632
0.195	14768
0.143	11776
0.194	14464
0.253	15952
0.236	17760
0.298	17008
0.211	15488
0.236	13072
0.264	19120
0.441	20016
0.272	18592
0.170	14000
0.262	18864
0.203	13440
0.271	18672
0.225	14400
0.305	16400
0.303	18528
0.287	16816
0.317	18000
0.181	13200
0.435	21376
0.114	10848
0.213	13312
0.237	14560
0.199	14928
0.249	17184
0.368	20960
0.195	14544
0.193	14256
0.441	24704
0.339	17936
0.227	15136
0.329	20880
0.212	15424
0.108	9232
0.195	15104
0.197	12864
0.210	14752
0.326	16848
0.343	19120
0.429	22480
0.083	8272
0.154	11552
0.213	14608
0.626	27536
0.721	26432
0.427	24288
0.025	5152
0.024	4800
0.026	5264
0.024	4848
0.026	4720
0.024	5088
0.026	5232
0.023	4528
0.027	5136
0.026	4880
0.147	11248
0.155	12960
0.140	9968
0.160	12864
0.812	36704
0.309	18960
0.618	26800
0.467	21088
0.534	22720
0.522	21616
0.522	27072
0.472	25168
0.328	20928
0.363	20800
0.731	28464
0.818	28624
0.738	35232
0.189	11920
0.230	16016
0.173	13024
0.155	11696
0.140	12912
0.181	13248
0.735	34784
0.623	26704
0.569	23040
0.432	19536
0.520	26624
0.532	27168
0.737	33280
0.440	23504
0.139	12480
0.085	9216
0.104	10608
0.120	11536
0.113	9328
0.274	16080
0.098	10272
0.641	28368
0.602	26592
0.376	22656
0.319	17680
0.382	20416
0.649	31888
0.468	21216
0.426	23808
0.574	28128
0.386	18368
0.428	19760
0.720	33200
0.588	27408
0.116	11680
0.084	9072
0.145	11232
0.141	11760
0.114	11056
0.372	21920
0.506	26672
0.493	26160
0.608	25872
0.611	25872
0.610	29344
0.611	31776
0.542	27408
0.186	13088
0.374	22448
0.308	16512
0.029	5344
0.026	5296
0.027	5088
0.027	5184
0.027	5280
0.026	5152
0.026	5120
0.025	5264
0.031	5920
0.023	5088
0.028	5264
0.023	5120
0.023	5120
0.027	5696
0.026	5264
0.025	5120
0.028	4800
0.027	5072
0.028	5696
0.021	4848
0.026	5168
0.023	5056
0.022	5088
0.024	4848
0.026	5600
0.026	5216
0.023	4832
0.024	5056
0.023	5024
0.025	5104
0.024	5088
0.026	5120
0.027	5120
0.023	5136
0.023	4640
0.025	5200
0.025	4592
0.023	5120
0.025	4656
0.026	5200
0.025	5200
0.024	5152
0.026	5104
0.026	5136
0.025	5168
0.026	5168
0.025	5120
0.025	5200
0.024	4928
0.031	4976
0.026	5152
0.023	5088
0.025	4640
0.025	5248
0.026	5184
0.022	5136
0.025	5200
0.026	4800
0.025	4720
0.026	5088
0.024	4688
0.027	5184
0.025	4864
0.022	5104
0.027	4896
0.022	4592
0.025	5184
0.025	4928
0.025	4704
0.026	5216
0.026	4976
0.023	5168
0.024	5296
0.026	5296
0.022	5184
0.027	5200
0.023	5120
0.025	5184
0.025	5136
0.025	5088
0.026	5232
0.025	5152
0.022	4832
0.025	5184
0.025	4912
0.024	4528
0.023	5232
0.025	4624
0.025	5152
0.026	5296
0.025	5136
0.025	5136
0.022	5184
0.025	5184
0.025	4944
0.025	5152
0.022	5088
0.027	5216
0.025	5104
0.031	5408
0.025	5008
0.027	4640
0.025	5168
0.025	5312
0.025	5168
0.023	4944
0.025	5120
0.026	5184
0.026	5008
0.025	5200
0.025	5040
0.025	5344
0.025	4816
0.026	5184
0.024	5216
0.023	5152
0.026	5136
0.017	4448
0.226	16160
0.723	36560
0.225	14944
0.244	13312
0.016	4512
0.031	5904
0.052	7392
0.817	37504
0.814	37376
0.050	5920
0.040	6144
0.043	6224
0.022	5088
0.026	5232
0.044	6208
0.041	5792
0.218	15616
0.027	5296
0.099	8480
0.098	8560
0.099	10672
0.098	9280
0.028	5792
0.027	5040
0.040	5488
0.041	5696
0.163	11664
0.022	5072
0.064	8240
0.213	15408
0.094	10016
0.016	4480
0.042	5440
0.025	5184
0.053	7264
0.114	9328
0.024	5136
0.044	7024
0.016	4448
0.035	6080
0.040	6224
0.019	4432
0.092	9728
0.146	11488
0.210	15104
0.038	5616
0.057	6368
0.048	6240
0.042	6320
0.043	5584
0.044	6304
0.040	5744
0.040	6192
0.041	5504
0.039	6064
0.054	5696
0.036	5344
0.041	6272
0.037	6080
0.036	5824
0.049	7104
0.096	9216
0.036	5760
0.035	5328
0.036	5280
0.036	6128
0.036	5808
0.036	6112
0.162	11696
0.496	25312
0.271	17584
0.168	11344
0.034	6096
0.043	6256
0.037	6112
0.044	6176
0.044	6880
0.044	6192
0.066	8352
0.036	6240
0.035	5216
0.035	5872
0.023	5552
0.020	4752
0.020	4464
0.020	4672
0.023	5024
0.582	28912
0.513	25600
0.593	26720
0.877	36528
0.610	29104
0.617	25968
0.052	5840
0.048	6912
0.056	7504
0.086	7408
0.066	8128
0.065	7984
0.065	8144
0.064	7776
0.045	7136
0.049	7072
0.050	7072
0.045	6256
0.051	6272
0.084	7792
0.081	8368
0.095	9344
0.086	7520
0.084	8528
0.215	15600
0.188	13984
0.210	14976
0.128	9488
0.128	10624
0.266	17216
0.268	16880
0.272	16368
0.269	17648
0.269	16496
0.272	18768
0.267	18480
0.023	5232
0.024	5168
0.024	4784
0.024	4592
0.022	5184
0.023	5104
0.025	4784
0.023	4560
0.025	5040
0.025	4912
0.024	5120
0.024	4816
0.023	5040
0.022	4816
0.023	5088
0.024	5168
0.024	5072
0.025	4960
0.023	5104
0.024	5056
0.018	4016
0.017	4416
0.018	4368
0.018	4560
0.019	4544
0.019	4336
0.018	4368
0.020	4528
0.019	4464
0.019	4448
0.018	4720
0.018	4400
0.018	4496
0.018	4464
0.018	4032
0.018	4448
0.800	36160
0.099	10640
0.105	10832
0.109	9776
0.110	10656
0.103	10752
0.098	10512
0.099	9456
0.093	8368
0.087	9152
0.112	9008
0.019	4976
0.208	13984
0.201	12528
0.019	4576
0.215	12816
0.043	5904
0.225	13424
0.223	15520
0.224	13168
0.222	12656
0.224	15536
0.224	15280
0.226	14160
0.226	15680
0.185	13808
0.155	13008
0.017	4048
0.153	13088
0.179	11488
0.075	7168
0.180	11440
0.159	12768
0.158	13344
0.164	13632
0.161	13472
0.159	11296
0.172	11312
0.166	11792
0.180	12480
0.171	11632
0.178	11568
0.170	11024
0.018	4352
0.019	4512
0.017	4064
0.016	4112
0.021	4784
0.043	6224
0.021	4816
0.020	4992
0.220	15424
0.221	12704
0.020	4544
0.176	11520
0.221	12912
0.019	4272
0.020	4416
0.020	5040
0.020	4528
0.018	4192
0.018	4560
0.224	12416
0.211	15360
0.209	14256
0.205	15280
0.211	14784
0.198	15184
0.223	15184
0.019	4576
0.147	12688
0.158	11136
0.215	14192
0.023	5136
0.182	11568
0.023	5088
0.019	4608
0.106	10720
0.022	5264
0.022	5088
0.190	14592
0.189	14464
0.017	4448
0.019	4400
0.017	4544
0.209	15504
0.201	14864
0.162	11008
0.154	10992
0.169	12976
0.158	12896
0.259	18592
0.262	18528
0.018	4624
0.202	15360
0.201	15344
0.218	15360
0.219	13280
0.167	11616
0.019	4560
0.016	4016
0.171	13584
0.206	15184
0.205	14784
0.202	12592
0.214	14720
0.203	15536
0.203	12544
0.203	15488
0.212	15536
0.200	13920
0.047	7184
0.179	11104
0.169	13552
0.156	12832
0.159	13296
0.231	14736
0.168	12992
0.430	22784
0.018	4960
0.018	4784
0.256	14112
0.220	14944
0.214	14736
0.018	5040
0.052	7424
0.230	13904
0.026	5696
0.019	5184
0.222	13056
0.258	17408
0.239	13280
0.018	4448
0.017	4400
0.265	15088
0.223	14096
0.221	12592
0.209	14544
0.220	12784
0.248	14256
0.239	13136
0.241	15680
0.220	14672
0.874	37344
0.484	25760
0.526	23824
0.023	4704
0.023	5056
0.024	5072
0.172	13344
0.182	13984
0.163	11536
0.227	14096
0.179	14016
0.185	12608
0.190	13920
0.221	15264
0.223	13184
0.204	13904
0.232	13184
0.222	13280
0.089	9424
0.218	15584
0.213	15648
0.225	15520
0.215	15600
0.230	15136
0.208	15344
0.210	14384
0.133	12064
0.158	12272
0.232	15232
0.220	15456
0.225	14368
0.021	5088
0.018	4272
0.253	17520
0.274	15424
0.270	15328
0.020	5056
0.202	15824
0.240	15536
0.227	14000
0.239	16352
0.253	13488
0.232	15776
0.230	13376
0.216	13520
0.222	12608
0.223	14400
0.017	4304
0.219	15408
0.025	4784
0.198	14160
0.018	4496
0.019	4000
0.143	12800
0.016	4464
0.205	12608
0.218	13616
0.226	15408
0.248	15456
0.254	15728
0.232	13168
0.216	15248
0.018	4416
0.022	4768
0.048	6192
0.189	12304
0.235	15664
0.238	13440
0.236	12880
0.018	4528
0.018	4944
0.240	16176
0.239	15408
0.155	12288
0.214	14832
0.240	17984
0.236	17872
0.230	15968
0.216	15856
0.227	15376
0.240	14256
0.215	15760
0.205	13152
0.176	13600
0.220	15360
0.019	4512
0.017	5104
0.018	5056
0.019	4544
0.209	14352
0.256	17840
0.255	14816
0.185	15392
0.018	4608
0.212	15168
0.214	15440
0.190	12624
0.019	4144
0.629	24192
0.620	25776
0.019	5056
0.019	4816
0.019	5056
0.019	5056
0.207	15088
0.199	14992
0.139	12304
0.189	14896
0.020	5024
0.019	4576
0.020	5200
0.018	4624
0.046	7056
0.175	11728
0.171	12960
0.223	15424
0.208	15712
0.213	15824
0.207	15728
0.018	4464
0.018	4480
0.205	14736
0.185	11296
0.193	13392
0.248	14480
0.184	12208
0.260	16272
0.017	4000
0.261	16288
0.145	12368
0.183	13808
0.168	11632
0.016	4400
0.193	14384
0.185	14592
0.081	7856
0.226	14864
0.224	15776
0.235	12832
0.247	14416
0.181	13344
0.185	12832
0.176	11200
0.207	14448
0.017	4560
0.016	3968
0.019	5024
0.018	4960
0.019	4976
0.201	14304
0.200	12416
0.016	4640
0.020	5008
0.222	13504
0.017	4592
0.017	4624
0.165	10672
0.164	11264
0.019	4960
0.326	19632
0.370	21648
0.348	21440
0.289	19440
0.352	20928
0.346	21616
0.371	21936
0.394	21680
0.394	21616
0.400	21968
0.336	17888
0.328	20896
0.344	20800
0.447	23840
0.310	19856
0.320	16656
0.345	21888
0.600	21632
0.604	27104
0.385	22848
0.341	20544
0.357	18144
0.341	17264
0.357	20816
0.355	20816
0.331	19648
0.233	15184
0.369	21648
0.328	20544
0.324	21376
0.316	20976
0.357	18032
0.458	24528
0.462	20304
0.375	19456
0.470	19584
0.293	19696
0.443	24400
0.455	24272
0.473	23808
0.463	23760
0.450	22816
0.426	19536
0.428	23376
0.431	23456
0.353	17952
0.359	19120
0.361	18064
0.370	21536
0.424	18816
0.400	21888
0.366	20448
0.375	21824
0.377	19520
0.353	19472
0.367	21968
0.368	21808
0.378	21808
0.365	20960
0.349	21968
0.359	21776
0.347	20320
0.342	20976
0.344	21200
0.350	20560
0.334	18208
0.343	21120
0.344	20768
0.331	17840
0.355	17824
0.314	20896
0.358	17648
0.540	22512
0.568	21680
0.515	21744
0.528	26688
0.559	22016
0.572	25792
0.511	21712
0.524	26656
0.524	26704
0.526	26704
0.348	18080
0.485	22240
0.436	25232
0.393	20288
0.392	21488
0.331	18048
0.379	18848
0.379	20064
0.374	21152
0.340	17232
0.330	20416
0.331	17728
0.383	18224
0.389	21328
0.387	21648
0.386	21504
0.342	20736
0.451	23456
0.349	20704
0.311	17184
0.412	20944
0.374	18720
0.375	22592
0.328	20784
0.419	20992
0.159	11136
0.115	9552
0.116	11008
0.210	14560
0.205	14576
0.515	24976
0.353	17632
0.313	19984
0.322	19888
0.330	19888
0.348	17552
0.356	18416
0.325	17616
0.343	17776
0.302	18016
0.294	17168
0.222	14688
0.223	14640
0.373	18160
0.361	18352
0.349	20608
0.370	21616
0.342	17936
0.323	17728
0.346	17744
0.345	17728
0.293	19760
0.367	19920
0.294	16512
0.356	19952
0.370	19856
0.212	14672
0.303	16736
0.415	20336
0.364	19920
0.378	20352
0.338	17584
0.338	21456
0.335	18352
0.338	18016
0.339	19120
0.336	21536
0.337	17568
0.338	18016
0.336	19808
0.337	19280
0.338	18016
0.352	17360
0.340	19904
0.368	22496
0.374	22432
0.575	26640
0.573	24064
0.575	25520
0.576	26480
0.327	20048
0.318	19328
0.322	20016
0.324	17008
0.511	20912
0.323	18096
0.331	17504
0.330	19680
0.333	17552
0.491	19904
0.315	18864
0.319	18960
0.405	21744
0.384	18288
0.384	21664
0.386	18096
0.382	19984
0.382	20160
0.383	21536
0.404	18160
0.365	22080
0.383	18256
0.395	23440
0.384	19184
0.385	19712
0.395	22736
0.394	19136
0.321	20816
0.016	3984
0.357	21536
0.338	21536
0.379	21888
0.391	22352
0.366	21376
0.243	17776
0.359	21600
0.363	20880
0.360	20016
0.378	17696
0.324	19216
0.380	18304
0.402	18640
0.390	17872
0.397	21968
0.404	18672
0.453	20400
0.480	19888
0.346	20432
0.343	17776
0.346	20896
0.220	13328
0.343	20896
0.368	20160
0.262	15264
0.398	21056
0.397	21984
0.268	17968
0.395	21760
0.396	19872
0.398	21152
0.264	17872
0.250	18176
0.382	19616
0.401	22144
0.404	21904
0.364	21488
0.527	21264
0.355	21248
0.320	20960
0.354	21792
0.356	19072
0.351	20992
0.403	20480
0.496	19648
0.366	20576
0.367	22208
0.382	20464
0.530	23520
0.501	25904
0.485	25664
0.462	25360
0.429	22864
0.409	23584
0.638	27376
0.601	24896
0.389	20352
0.377	21216
0.354	22000
0.378	22048
0.392	18464
0.490	21296
0.476	20752
0.405	23840
0.413	19760
0.368	20048
0.382	22032
0.378	18176
0.382	20416
0.370	18016
0.347	21888
0.371	17744
0.368	20112
0.383	20688
0.378	21520
0.376	20688
0.278	18592
0.278	18640
0.382	17376
0.381	21488
0.390	17568
0.377	22016
0.434	20096
0.452	23888
0.364	17872
0.429	18528
0.416	22112
0.311	18000
0.600	22048
0.392	19456
0.338	18336
0.532	24448
0.399	18128
0.381	18144
0.327	19088
0.344	18112
0.346	20000
0.378	21872
0.405	19264
0.469	25520
0.288	15568
0.482	23248
0.469	24768
0.409	22192
0.408	21840
0.330	19008
0.327	20800
0.351	18336
0.371	18832
0.342	17936
0.355	20912
0.410	21440
0.440	22768
0.476	23824
0.501	23328
0.327	20048
0.448	24000
0.409	21584
0.408	19632
0.419	23968
0.338	21264
0.340	18176
0.385	17424
0.333	19376
0.347	17248
0.345	21024
0.399	18896
0.359	18768
0.338	20784
0.330	19312
0.335	18096
0.470	23648
0.364	19472
0.345	21632
0.342	21600
0.340	21552
0.339	21456
0.337	18064
0.346	18336
0.340	17824
0.343	19456
0.346	19296
0.340	21536
0.337	18256
0.373	21568
0.349	17808
0.351	17648
0.343	18320
0.333	20800
0.349	20688
0.353	18320
0.351	21024
0.346	17568
0.345	20912
0.349	20864
0.339	21328
0.341	20224
0.337	20704
0.347	17888
0.345	18080
0.351	20576
0.346	21744
0.433	21536
0.341	18960
0.538	22512
0.545	26400
0.347	18624
0.359	20384
0.357	21424
0.353	18080
0.359	21520
0.358	17456
0.359	17472
0.229	16032
0.354	21568
0.355	17728
0.352	21280
0.339	20752
0.318	20240
0.331	20256
0.431	20320
0.421	19856
0.392	23376
0.325	20112
0.324	19952
0.316	19776
0.347	20016
0.381	19968
0.307	16784
0.306	16336
0.307	17376
0.296	17264
0.311	20016
0.308	19600
0.317	17520
0.433	24784
0.321	20000
0.338	19856
0.323	18976
0.337	17456
0.352	16800
0.312	16784
0.309	16736
0.454	24272
0.456	24304
0.506	24352
0.505	24672
0.440	24384
0.315	18128
0.464	23392
0.353	19200
0.366	20128
0.366	20512
0.314	21104
0.410	19536
0.369	22352
0.318	20848
0.323	17728
0.315	20496
0.302	16720
0.311	17280
0.315	16688
0.306	20480
0.314	17808
0.346	21888
0.155	10672
0.331	17440
0.337	17872
0.446	20128
0.380	21696
0.489	20160
0.311	17856
0.344	19360
0.372	19072
0.455	20320
0.375	18160
0.336	18160
0.382	18352
0.409	18864
0.388	18912
0.311	18928
0.524	25712
0.326	18160
0.392	21776
0.395	21840
0.369	19440
0.396	21840
0.381	19440
0.378	21888
0.387	17568
0.395	22128
0.452	24416
0.438	24352
0.450	24432
0.496	24304
0.336	20784
0.332	17120
0.333	18208
0.334	17840
0.334	17120
0.419	22944
0.421	20368
0.338	17648
0.421	20368
0.417	18976
0.344	17536
0.340	21536
0.344	19056
0.340	18128
0.338	17536
0.340	21488
4.539	111904
1.052	44096
0.892	32352
1.087	42768
1.253	50688
0.843	38064
5.429	107584
4.969	119488
5.449	124368
5.524	130608
5.561	125760
2.213	70816
5.689	122976
6.077	118544
5.020	131248
3.564	85856
5.506	128752
5.220	120736
5.530	131888
5.673	129280
5.293	128544
5.311	106544
5.705	104144
5.437	129056
5.479	128336
5.518	122512
5.377	121920
5.537	122672
5.696	124736
5.698	118704
5.631	110368
5.256	128480
5.514	116368
5.194	126896
5.554	129408
5.571	129808
4.807	128528
5.300	128496
5.574	127952
5.625	132096
5.640	131856
6.284	127552
5.473	130560
5.738	129488
5.248	126576
5.629	130224
6.413	116768
4.619	96928
0.859	30800
4.663	116544
1.658	52688
2.175	66144
1.716	54432
4.510	118560
1.514	51664
2.345	72832
5.178	116272
1.146	47024
1.175	42048
1.110	35760
1.100	44096
0.963	38656
1.254	42896
1.109	43952
0.867	36480
0.868	31360
0.934	35712
1.861	61232
1.295	46368
3.065	71312
5.147	130288
1.043	44976
1.454	47456
3.822	96432
4.910	103376
1.504	52464
1.589	53872
1.273	44496
1.563	43696
1.986	60592
1.808	62000
3.073	84720
2.508	73376
1.538	52432
3.696	92176
3.088	79136
2.019	64272
1.931	69504
2.914	74832
2.647	81120
2.673	79520
5.942	137664
2.249	59440
6.226	136096
6.375	129904
1.558	51920
5.026	119616
2.506	60544
5.308	106272
4.770	125360
5.972	129296
6.090	133024
5.283	127808
5.873	121920
5.784	132672
5.494	128192
6.052	117376
3.618	87456
3.572	69232
5.795	127024
5.581	122400
5.527	110448
5.517	124768
5.182	107552
4.967	111584
4.592	97328
5.247	127456
4.518	107280
5.775	130064
0.965	35072
5.567	131456
1.493	44704
6.192	118512
0.956	32432
0.949	39776
0.949	39568
1.086	35056
1.076	35968
1.085	36016
1.085	36016
1.094	43440
1.103	43984
1.092	42096
1.049	34752
1.086	43632
1.089	40640
1.123	43888
1.213	43808
0.981	38352
1.079	38528
1.097	34048
1.071	32352
1.077	37280
1.089	40512
1.084	40304
0.944	37872
1.015	33584
