0.005	4192
0.005	4336
0.005	4192
0.005	4240
0.005	4192
0.005	4256
0.005	4192
0.005	4096
0.005	4096
0.005	4208
0.005	4208
0.005	4288
0.005	4192
0.005	4288
0.005	4208
0.005	4320
0.005	4208
0.005	4368
0.005	4192
0.005	4400
0.005	4192
0.005	4368
0.005	4192
0.005	4256
0.005	4208
0.005	4448
0.005	4208
0.005	4432
0.005	4224
0.005	4336
0.005	4192
0.005	4320
0.005	4192
0.005	4400
0.005	4208
0.005	4320
0.005	4208
0.005	4320
0.005	4192
0.005	4288
0.005	4224
0.005	4336
0.005	4192
0.005	4288
0.005	4192
0.005	4336
0.005	4208
0.005	4368
0.005	4192
0.005	4368
0.005	4192
0.005	4320
0.005	4224
0.005	4240
0.005	4192
0.008	4592
0.005	4192
0.005	4192
0.006	4208
0.005	4208
0.005	4208
0.005	4208
0.005	4208
0.005	4192
0.005	4192
0.005	4208
0.005	4288
0.005	4192
0.005	4192
0.005	4208
0.005	4256
0.005	4192
0.006	4320
0.005	4208
0.005	4256
0.005	4208
0.005	4384
0.005	4208
0.005	4400
0.005	4208
0.005	4432
0.005	4208
0.005	4224
0.005	4304
0.005	4224
0.005	4096
0.005	4240
0.005	4208
0.006	4384
0.005	4208
0.005	4192
0.005	4288
0.005	4192
0.005	4192
0.005	4192
0.005	4192
0.005	4192
0.005	4192
0.005	4240
0.005	4192
0.006	4224
0.005	4192
0.005	4192
0.005	4192
0.008	4432
0.005	4240
0.005	4192
0.005	4256
0.005	4128
0.005	4320
0.005	4208
0.005	4192
0.005	4192
0.005	4256
0.005	4208
0.005	4336
0.005	4192
0.005	4320
0.005	4192
0.006	4272
0.005	4192
0.005	4176
0.005	4208
0.005	4224
0.005	4192
0.005	4192
0.005	4304
0.005	4224
0.005	4096
0.010	4528
0.005	4352
0.005	4192
0.005	4256
0.005	4224
0.005	4176
0.005	4192
0.005	4384
0.005	4192
0.005	4320
0.005	4128
0.005	4352
0.005	4208
0.006	4352
0.005	4208
0.005	4208
0.005	4256
0.005	4240
0.005	4320
0.005	4224
0.005	4208
0.005	4192
0.005	4128
0.005	4224
0.005	4208
0.005	4192
0.005	4192
0.005	4192
0.005	4208
0.005	4240
0.005	4224
0.007	4464
0.005	4304
0.005	4240
0.005	4304
0.005	4192
0.005	4096
0.005	4192
0.005	4288
0.005	4192
0.005	4384
0.005	4208
0.005	4336
0.005	4208
0.005	4256
0.005	4208
0.005	4224
0.005	4304
0.008	4624
0.008	4592
0.005	4208
0.005	4320
0.005	4240
0.005	4352
0.005	4192
0.005	4432
0.006	4304
0.005	4304
0.008	4400
0.008	4432
0.005	4384
0.005	4208
0.005	4304
0.005	4192
0.007	4512
0.007	4480
0.005	4240
0.007	4368
0.005	4272
0.005	4208
0.005	4192
0.005	4192
0.005	4192
0.005	4208
0.005	4208
0.005	4272
0.005	4208
0.005	4352
0.005	4208
0.005	4144
0.005	4208
0.005	4192
0.005	4192
0.005	4288
0.005	4096
0.005	4384
0.005	4192
0.005	4192
0.005	4208
0.005	4384
0.005	4208
0.005	4256
0.005	4192
0.005	4224
0.005	4224
0.006	4320
0.005	4224
0.009	4368
0.011	4384
0.012	4352
0.010	4448
0.010	4288
0.006	4288
0.005	4256
0.006	4240
0.005	4448
0.005	4208
0.005	4272
0.005	4224
0.005	4384
0.005	4208
0.005	4272
0.005	4224
0.006	4336
0.005	4224
0.005	4240
0.006	4272
0.005	4224
0.005	4224
0.006	4272
0.005	4096
0.005	4224
0.005	4384
0.005	4208
0.005	4368
0.005	4096
0.005	4384
0.005	4208
0.005	4448
0.005	4208
0.005	4240
0.005	4208
0.005	4336
0.005	4208
0.005	4288
0.005	4288
0.006	4400
0.005	4208
0.005	4272
0.005	4128
0.005	4272
0.005	4352
0.005	4352
0.005	4224
0.005	4224
0.005	4224
0.005	4192
0.005	4240
0.005	4192
0.005	4208
0.005	4208
0.005	4240
0.005	4208
0.009	4592
0.006	4416
0.005	4192
0.006	4288
0.005	4224
0.005	4352
0.006	4304
0.006	4400
0.005	4256
0.006	4384
0.005	4208
0.006	4320
0.005	4224
0.005	4256
0.005	4208
0.008	4400
0.005	4208
0.005	4208
0.005	4208
0.008	4336
0.007	4384
0.008	4624
0.005	4208
0.006	4256
0.005	4192
0.006	4336
0.007	4384
0.008	4432
0.005	4192
0.005	4208
0.005	4240
0.008	4352
0.008	4432
0.005	4288
0.005	4192
0.005	4288
0.008	4384
0.005	4224
0.005	4208
0.009	4432
0.005	4432
0.006	4432
0.006	4416
0.006	4304
0.005	4096
0.005	4192
0.005	4192
0.005	4192
0.006	4256
0.005	4208
0.005	4208
0.006	4304
0.005	4208
0.005	4288
0.010	4640
0.005	4240
0.006	4336
0.005	4208
0.005	4304
0.005	4192
0.005	4192
0.005	4208
0.005	4192
0.005	4224
0.005	4288
0.005	4208
0.005	4288
0.008	4432
0.008	4528
0.005	4224
0.007	4400
0.006	4416
0.007	4368
0.005	4192
0.005	4224
0.005	4256
0.005	4224
0.005	4256
0.005	4240
0.005	4208
0.005	4192
0.008	4432
0.008	4544
0.007	4368
0.008	4432
0.008	4432
0.008	4432
0.006	4256
0.005	4208
0.005	4192
0.005	4208
0.005	4224
0.005	4240
0.005	4224
0.005	4160
0.005	4288
0.006	4528
0.005	4336
0.008	4768
0.005	4192
0.005	4192
0.005	4144
0.006	4304
0.006	4352
0.006	4256
0.005	4432
0.007	4320
0.005	4240
0.005	4128
0.005	4208
0.005	4208
0.005	4192
0.005	4192
0.007	4448
0.006	4384
0.005	4128
0.005	4400
0.005	4128
0.005	4336
0.007	4432
0.006	4320
0.005	4304
0.011	4560
0.008	4448
0.005	4128
0.006	4288
0.006	4288
0.005	4240
0.005	4240
0.005	4128
0.005	4208
0.006	4256
0.006	4448
0.006	4320
0.007	4512
0.006	4272
0.006	4336
0.006	4400
0.006	4240
0.005	4288
0.005	4272
0.006	4496
0.005	4240
0.006	4416
0.006	4272
0.005	4256
0.005	4176
0.006	4240
0.005	4160
0.005	4288
0.005	4160
0.005	4128
0.005	4256
0.005	4208
0.005	4128
0.005	4128
0.005	4128
0.005	4128
0.005	4128
0.006	4352
0.006	4432
0.005	4240
0.006	4384
0.005	4160
0.006	4384
0.005	4160
0.006	4384
0.005	4240
0.006	4272
0.005	4128
0.005	4208
0.008	4464
0.007	4464
0.005	4368
0.008	4592
0.005	4176
0.005	4128
0.005	4128
0.005	4128
0.005	4128
0.005	4128
0.005	4448
0.005	4240
0.006	4224
0.006	4368
0.005	4160
0.005	4304
0.005	4240
0.005	4272
0.006	4480
0.005	4272
0.005	4240
0.006	4160
0.005	4192
0.005	4128
0.005	4176
0.005	4176
0.005	4144
0.005	4208
0.005	4144
0.007	4592
0.005	4336
0.005	4192
0.005	4336
0.005	4176
0.006	4384
0.006	4192
0.008	4400
0.005	4192
0.008	4512
0.005	4272
0.006	4192
0.006	4384
0.005	4192
0.005	4352
0.005	4208
0.005	4320
0.007	4384
0.005	4128
0.008	4368
0.005	4128
0.005	4432
0.005	4144
0.005	4400
0.005	4128
0.005	4176
0.005	4240
0.005	4352
0.006	4352
0.007	4560
0.005	4208
0.005	4224
0.005	4128
0.005	4320
0.005	4160
0.006	4192
0.005	4224
0.005	4240
0.006	4352
0.006	4304
0.005	4304
0.005	4128
0.005	4272
0.005	4128
0.005	4208
0.005	4208
0.005	4352
0.005	4128
0.005	4208
0.005	4128
0.005	4240
0.005	4208
0.005	4128
0.005	4208
0.006	4368
0.006	4336
0.005	4272
0.006	4416
0.005	4192
0.005	4400
0.005	4192
0.007	4480
0.008	4464
0.005	4128
0.005	4128
0.005	4128
0.005	4144
0.005	4128
0.005	4128
0.008	4416
0.008	4496
0.008	4384
0.008	4448
0.005	4384
0.005	4192
0.005	4272
0.005	4128
0.005	4272
0.006	4320
0.006	4336
0.006	4336
0.006	4464
0.006	4336
0.005	4192
0.005	4128
0.005	4160
0.005	4288
0.005	4144
0.005	4208
0.005	4144
0.005	4144
0.005	4128
0.005	4336
0.005	4192
0.005	4272
0.006	4272
0.005	4240
0.005	4176
0.005	4288
0.005	4128
0.005	4272
0.005	4256
0.005	4288
0.006	4160
0.006	4320
0.007	4432
0.006	4304
0.005	4368
0.005	4160
0.006	4512
0.006	4288
0.005	4256
0.005	4128
0.005	4224
0.005	4128
0.005	4224
0.005	4224
0.006	4384
0.005	4160
0.006	4144
0.005	4128
0.005	4128
0.007	4416
0.005	4192
0.005	4400
0.005	4208
0.010	4576
0.007	4384
0.006	4336
0.006	4464
0.006	4224
0.006	4352
0.005	4320
0.006	4352
0.006	4384
0.005	4128
0.005	4128
0.005	4128
0.005	4336
0.005	4192
0.005	4128
0.005	4128
0.005	4192
0.005	4128
0.006	4416
0.005	4272
0.007	4512
0.008	4368
0.007	4368
0.009	4416
0.008	4496
0.008	4320
0.005	4368
0.006	4272
0.005	4240
0.007	4448
0.007	4432
0.006	4576
0.005	4160
0.009	4416
0.006	4304
0.005	4128
0.005	4128
0.005	4128
0.008	4368
0.005	4128
0.005	4400
0.005	4208
0.005	4336
0.007	4352
0.005	4224
0.005	4192
0.005	4128
0.005	4192
0.005	4192
0.005	4128
0.005	4192
0.005	4352
0.011	4416
0.006	4336
0.006	4272
0.007	4320
0.006	4320
0.005	4160
0.006	4448
0.005	4176
0.005	4352
0.005	4224
0.006	4272
0.005	4224
0.005	4304
0.005	4128
0.005	4256
0.005	4208
0.006	4240
0.005	4128
0.006	4208
0.006	4352
0.005	4160
0.005	4288
0.005	4160
0.006	4384
0.005	4128
0.005	4416
0.006	4352
0.006	4192
0.005	4320
0.005	4240
0.005	4176
0.005	4224
0.005	4240
0.005	4176
0.005	4144
0.006	4176
0.005	4256
0.005	4176
0.005	4336
0.005	4224
0.005	4368
0.005	4176
0.005	4336
0.005	4176
0.005	4304
0.005	4176
0.005	4336
0.005	4208
0.006	4256
0.005	4128
0.005	4400
0.005	4208
0.005	4160
0.005	4128
0.005	4224
0.005	4128
0.008	4384
0.016	4656
0.012	4432
0.015	4416
0.010	4416
0.005	4240
0.005	4208
0.005	4192
0.005	4224
0.005	4192
0.005	4272
0.005	4192
0.005	4160
0.005	4208
0.005	4208
0.005	4208
0.005	4208
0.005	4128
0.006	4416
0.005	4208
0.005	4208
0.005	4208
0.005	4192
0.006	4352
0.006	4528
0.006	4224
0.006	4304
0.006	4400
0.006	4304
0.006	4336
0.006	4304
0.006	4304
0.006	4368
0.006	4304
0.006	4464
0.006	4304
0.006	4416
0.006	4192
0.006	4336
0.006	4304
0.006	4272
0.006	4304
0.006	4304
0.006	4528
0.006	4304
0.006	4336
0.006	4304
0.006	4336
0.006	4272
0.006	4304
0.006	4336
0.006	4288
0.006	4352
0.006	4304
0.008	4480
0.008	4592
0.009	4400
0.008	4384
0.008	4608
0.008	4384
0.006	4304
0.006	4400
0.005	4288
0.006	4448
0.005	4112
0.006	4448
0.006	4224
0.006	4288
0.006	4304
0.006	4448
0.006	4224
0.006	4336
0.006	4304
0.006	4304
0.006	4464
0.006	4368
0.006	4352
0.006	4304
0.006	4336
0.006	4304
0.006	4304
0.006	4352
0.006	4208
0.006	4448
0.006	4368
0.008	4496
0.012	4720
0.006	4272
0.008	4576
0.010	4496
0.009	4512
0.008	4512
0.008	4528
0.009	4656
0.006	4256
0.006	4368
0.008	4608
0.008	4496
0.008	4608
0.009	4512
0.008	4576
0.009	4400
0.009	4512
0.007	4400
0.007	4400
0.007	4512
0.006	4384
0.007	4464
0.006	4400
0.007	4432
0.007	4544
0.007	4352
0.007	4400
0.007	4400
0.006	4304
0.007	4400
0.007	4368
0.006	4368
0.007	4496
0.007	4400
0.007	4464
0.006	4336
0.005	4256
0.006	4304
0.007	4320
0.006	4304
0.006	4304
0.005	4240
0.006	4368
0.005	4256
0.006	4336
0.006	4304
0.006	4320
0.005	4240
0.006	4240
0.005	4160
0.006	4256
0.005	4256
0.005	4304
0.005	4224
0.005	4240
0.005	4320
0.005	4272
0.006	4368
0.005	4160
0.006	4368
0.006	4240
0.006	4272
0.008	4544
0.005	4240
0.005	4224
0.005	4288
0.005	4336
0.005	4160
0.005	4336
0.005	4240
0.006	4288
0.005	4192
0.005	4272
0.005	4176
0.005	4288
0.005	4224
0.006	4240
0.005	4256
0.006	4256
0.006	4384
0.006	4256
0.006	4544
0.006	4256
0.006	4432
0.006	4176
0.006	4320
0.006	4224
0.006	4160
0.005	4224
0.005	4224
0.005	4368
0.005	4224
0.006	4352
0.006	4256
0.006	4224
0.006	4224
0.005	4224
0.005	4160
0.006	4160
0.005	4160
0.005	4256
0.005	4160
0.005	4224
0.005	4288
0.006	4224
0.006	4464
0.005	4160
0.006	4320
0.005	4160
0.006	4272
0.006	4160
0.005	4256
0.006	4224
0.006	4224
0.005	4224
0.005	4224
0.005	4288
0.005	4256
0.006	4304
0.006	4160
0.006	4384
0.005	4224
0.006	4352
0.006	4192
0.006	4320
0.006	4304
0.006	4272
0.006	4432
0.006	4288
0.006	4416
0.006	4208
0.006	4320
0.006	4288
0.006	4288
0.006	4288
0.006	4208
0.013	4736
0.009	4512
0.013	4576
0.008	4544
0.009	4544
0.009	4848
0.012	4624
0.006	4208
0.006	4208
0.009	4576
0.008	4368
0.008	4368
0.009	4640
0.007	4416
0.008	4352
0.009	4432
0.008	4352
0.006	4384
0.007	4496
0.008	4448
0.008	4368
0.008	4464
0.008	4432
0.008	4352
0.009	4592
0.008	4432
0.006	4368
0.007	4528
0.007	4400
0.007	4336
0.009	4544
0.007	4400
0.008	4432
0.008	4784
0.006	4368
0.009	4448
0.012	4672
0.011	4704
0.009	4512
0.009	4592
0.009	4384
0.010	4496
0.009	4432
0.008	4576
0.011	4544
0.009	4640
0.010	4656
0.006	4208
0.012	4592
0.007	4336
0.009	4528
0.009	4384
0.009	4656
0.009	4480
0.012	4768
0.012	4528
0.009	4448
0.009	4608
0.008	4352
0.008	4528
0.008	4464
0.008	4448
0.009	4480
0.009	4544
0.008	4400
0.009	4432
0.008	4448
0.007	4464
0.009	4608
0.009	4672
0.011	4528
0.009	4576
0.009	4592
0.011	4624
0.009	4544
0.011	4736
0.007	4400
0.009	4384
0.009	4512
0.008	4496
0.008	4400
0.009	4640
0.007	4528
0.007	4384
0.009	4400
0.009	4576
0.009	4336
0.008	4320
0.009	4432
0.012	4560
0.012	4672
0.010	4576
0.009	4496
0.010	4576
0.011	4544
0.009	4560
0.009	4432
0.007	4384
0.059	6352
0.060	6368
0.119	6624
0.089	6816
0.160	7680
0.110	6848
0.178	7600
0.179	7392
0.045	5664
0.148	7120
0.102	6976
0.180	8176
0.117	6608
0.155	7216
0.120	6752
0.159	7872
0.140	7456
0.263	8512
0.103	6704
0.205	8416
0.336	9920
0.203	8704
0.283	8768
0.077	5744
0.262	8416
0.228	7360
0.217	8432
0.278	8928
0.277	8816
0.186	8688
0.290	8848
0.222	8528
0.218	7888
0.111	6800
0.229	8288
0.112	7488
0.109	7200
0.263	8576
0.135	7344
0.339	9280
0.157	7248
0.113	6880
0.153	7184
0.194	8256
0.170	8512
0.049	5280
0.146	7872
0.050	6144
0.276	9072
0.274	8704
0.170	7456
0.150	7104
0.179	7568
0.152	7392
0.103	6896
0.164	8112
0.137	7936
0.100	6528
0.272	8736
0.271	8832
0.274	8832
0.217	7968
0.225	9648
0.176	7872
0.100	6864
0.134	7296
0.168	8016
0.085	6944
0.207	8256
0.179	7536
0.098	7152
0.075	6640
0.077	6944
0.175	8816
0.080	6720
0.048	5872
0.159	7440
0.191	7696
0.083	6784
0.082	6736
0.078	6880
0.229	8048
0.076	6848
0.075	6704
0.128	7600
0.206	8560
0.335	9456
0.259	10464
0.202	7632
0.126	7872
0.111	6864
0.239	8448
0.120	6880
0.170	8080
0.171	8128
0.100	7200
0.280	8560
0.160	7296
0.145	7360
0.064	6160
0.123	6832
0.100	7424
0.122	7472
0.112	6768
0.108	6928
0.091	6576
0.066	6304
0.120	6784
0.107	6688
0.110	6544
0.070	6800
0.142	7232
0.115	7680
0.112	6768
0.066	6464
0.130	7136
0.106	6816
0.094	7072
0.191	7808
0.105	6832
0.103	6848
0.113	6944
0.110	7168
0.187	8112
0.108	7072
0.137	7760
0.105	7024
0.112	7200
0.203	8128
0.217	8144
0.111	7264
0.295	9936
0.094	7136
0.095	6992
0.100	6976
0.096	7136
0.191	7616
0.145	7904
0.314	9200
0.204	8048
0.094	6544
0.268	8400
0.108	6496
0.042	5536
0.117	7264
0.119	7152
0.118	7216
0.123	7504
0.124	7184
0.126	7200
0.144	7296
0.153	7456
0.140	7216
0.086	6848
0.155	7408
0.104	7408
0.111	7408
0.157	7424
0.109	7392
0.138	7072
0.155	7200
0.119	6736
0.159	7008
0.168	7440
0.178	8608
0.118	7584
0.142	7312
0.180	8352
0.252	8240
0.135	7792
0.309	8912
0.236	7792
0.122	6880
0.056	6048
0.315	8752
0.108	6832
0.248	8928
0.323	8992
0.081	5872
0.212	8656
0.112	7024
0.078	5824
0.085	7024
0.086	6944
0.227	8336
0.130	6800
0.103	6576
0.125	6736
0.098	6800
0.098	6464
0.044	5648
0.333	9104
0.311	8832
0.080	5936
0.109	7072
0.122	6704
0.084	6416
0.078	6496
0.089	6672
0.089	6576
0.084	6736
0.134	7680
0.362	9904
0.123	7168
0.106	6608
0.139	7920
0.135	7632
0.205	8400
0.077	6832
0.083	6720
0.061	6528
0.129	6768
0.101	6528
0.221	8240
0.159	8240
0.188	8304
0.079	6704
0.082	6736
0.213	7920
0.164	7232
0.093	6880
0.155	7104
0.191	7616
0.136	7088
0.111	6784
0.104	7232
0.088	6624
0.168	7456
0.195	7584
0.168	7184
0.259	8512
0.047	5472
0.353	10272
0.166	7056
0.063	6448
0.288	8432
0.255	8272
0.093	7040
0.042	5824
0.167	8496
0.074	6768
0.107	6912
0.120	6864
0.143	7952
0.089	6784
0.121	6720
0.107	7248
0.099	6880
0.113	6784
0.080	6848
0.152	7968
0.097	7040
0.090	7088
0.096	7264
0.096	7264
0.090	6800
0.088	6912
0.090	6752
0.083	6880
0.117	7184
0.095	6944
0.073	6848
0.154	8480
0.143	7712
0.190	7808
0.144	8000
0.098	6768
0.095	7088
0.126	6896
0.328	9488
0.124	6912
0.157	6976
0.227	8464
0.062	6304
0.279	9936
0.152	8288
0.355	9248
0.094	7200
0.132	7952
0.143	6928
0.168	8448
0.151	7600
0.136	7392
0.234	8144
0.169	8416
0.162	7568
0.134	7344
0.134	7296
0.172	7536
0.134	7360
0.134	7344
0.136	7376
0.214	7728
0.183	7680
0.235	7952
0.121	7376
0.406	10400
0.270	8016
0.167	8384
0.161	8368
0.160	7264
0.100	7184
0.075	5856
0.175	7552
0.176	7504
0.176	7344
0.175	7408
0.144	7568
0.192	8272
0.113	6624
0.112	7104
0.081	6896
0.175	8496
0.113	6672
0.233	8416
0.158	8320
0.048	5872
0.111	6656
0.222	8032
0.284	8736
0.076	6704
0.113	6608
0.196	7840
0.177	8672
0.061	5744
0.061	6192
0.135	6752
0.084	6480
0.229	8096
0.227	8096
0.070	5856
0.235	7888
0.113	6960
0.124	7328
0.168	7712
0.126	7232
0.126	7280
0.121	7136
0.049	5984
0.080	6816
0.076	5984
0.241	8544
0.129	6880
0.097	6960
0.159	7216
0.077	6832
0.113	7424
0.099	6624
0.069	6592
0.188	7648
0.073	6736
0.076	6736
0.156	6992
0.077	6640
0.102	6720
0.185	7632
0.107	7408
0.104	7376
0.082	6928
0.097	6928
0.173	7392
0.079	6864
0.076	6608
0.107	7296
0.135	6848
0.091	6992
0.087	7088
0.163	7584
0.081	6976
0.248	8320
0.095	6768
0.080	6800
0.080	6944
0.073	6672
0.074	6640
0.103	7088
0.095	7344
0.074	6688
0.116	7680
0.248	8432
0.072	6784
0.131	7184
0.081	6688
0.084	6736
0.179	7328
0.118	6816
0.059	6224
0.067	6864
0.107	7088
0.143	7152
0.174	7728
0.086	6912
0.140	6768
0.152	7280
0.230	8320
0.162	7056
0.075	6416
0.152	7216
0.133	6752
0.177	7328
0.133	7152
0.182	7360
0.181	7504
0.141	7280
0.136	7632
0.089	6656
0.223	8448
0.071	6112
0.131	6800
0.080	6832
0.120	6912
0.159	7232
0.211	7728
0.116	6752
0.137	7040
0.201	8720
0.116	7792
0.131	6944
0.150	7632
0.078	6752
0.074	5824
0.109	6592
0.117	6848
0.075	6544
0.190	7424
0.201	7600
0.231	8176
0.035	5600
0.102	6352
0.090	6672
0.384	9968
0.240	9744
0.246	8512
0.016	4720
0.016	4832
0.016	4768
0.015	4848
0.015	4736
0.016	4672
0.017	4768
0.017	4672
0.018	4576
0.017	4656
0.089	6320
0.082	6368
0.053	5936
0.092	6416
0.356	10272
0.135	7312
0.349	9504
0.308	8560
0.309	9024
0.305	8944
0.303	8928
0.273	8608
0.199	7808
0.203	7632
0.337	9696
0.352	10144
0.434	10288
0.089	6336
0.107	6912
0.073	6480
0.071	6512
0.059	6368
0.063	6464
0.372	10000
0.322	9440
0.306	8992
0.250	8272
0.289	9104
0.303	9312
0.266	10064
0.151	8512
0.073	6384
0.056	5552
0.039	5856
0.046	5840
0.043	5840
0.106	7216
0.053	5840
0.209	9136
0.311	9104
0.209	8032
0.204	7392
0.233	8288
0.279	9488
0.264	8544
0.205	8192
0.207	9152
0.190	8160
0.212	8288
0.364	10336
0.305	9328
0.072	5968
0.057	5520
0.096	6416
0.075	6256
0.075	6000
0.272	8288
0.293	8736
0.290	8672
0.345	9440
0.347	9376
0.346	9440
0.344	9424
0.259	9120
0.082	6560
0.176	7984
0.199	7504
0.022	5136
0.011	4496
0.018	4608
0.017	4848
0.014	4720
0.018	4768
0.018	4816
0.010	4880
0.016	4880
0.012	4736
0.021	4688
0.011	4720
0.011	4720
0.012	4880
0.010	4800
0.013	4832
0.013	4880
0.015	4688
0.013	4912
0.013	4816
0.012	4528
0.013	4624
0.013	4704
0.011	4672
0.018	4848
0.017	4928
0.014	4800
0.017	4736
0.012	4848
0.018	4800
0.017	4720
0.017	4704
0.013	4624
0.011	4608
0.012	4608
0.017	4768
0.017	4704
0.012	4624
0.013	4592
0.017	4832
0.017	4688
0.012	4608
0.011	4832
0.011	4560
0.013	4752
0.018	4848
0.017	4544
0.017	4624
0.013	4560
0.019	4800
0.018	4848
0.012	4864
0.017	4752
0.018	4768
0.018	4672
0.012	4752
0.012	4880
0.017	4736
0.017	4816
0.017	4816
0.012	4768
0.011	4704
0.017	4864
0.011	4448
0.010	4656
0.012	4768
0.013	4832
0.013	4816
0.013	4784
0.013	4800
0.013	4592
0.012	4592
0.012	4752
0.017	4688
0.012	4736
0.011	4752
0.011	4560
0.017	4656
0.017	4624
0.017	4784
0.013	4624
0.013	4720
0.012	4768
0.013	4656
0.012	4640
0.018	4672
0.013	4816
0.012	4720
0.017	4752
0.017	4688
0.018	4736
0.017	4704
0.010	4528
0.017	4784
0.017	4624
0.018	4704
0.012	4544
0.011	4704
0.012	4752
0.019	4896
0.017	4784
0.013	4832
0.013	4560
0.013	4720
0.018	4688
0.012	4672
0.017	4672
0.019	4656
0.018	4752
0.018	4784
0.017	4640
0.012	4736
0.013	4768
0.017	4800
0.012	4688
0.011	4656
0.017	4608
0.011	4528
0.092	7104
0.287	10224
0.091	6928
0.125	6880
0.013	4608
0.016	4880
0.026	5136
0.500	10656
0.456	10528
0.023	5088
0.017	5056
0.028	4816
0.010	4704
0.012	4656
0.028	4992
0.029	4976
0.109	6816
0.011	4656
0.037	5616
0.036	5744
0.037	5680
0.037	5632
0.012	4784
0.018	4656
0.017	4960
0.016	4912
0.058	6368
0.010	4704
0.022	5312
0.135	6848
0.038	5712
0.012	4688
0.024	5024
0.010	4688
0.021	5216
0.069	5824
0.011	4688
0.017	5120
0.010	4624
0.014	4832
0.016	5152
0.009	4592
0.038	5712
0.091	6352
0.128	6704
0.017	4928
0.032	5056
0.033	5152
0.017	5040
0.031	4912
0.031	5008
0.016	4832
0.017	4928
0.016	4784
0.015	4832
0.015	4832
0.015	4800
0.017	4896
0.019	5072
0.018	4912
0.018	5040
0.039	5536
0.019	4928
0.018	4912
0.018	4880
0.018	5008
0.018	4976
0.018	4976
0.064	6368
0.185	8784
0.109	7136
0.107	6480
0.014	4912
0.030	5200
0.018	4992
0.019	5088
0.029	5056
0.030	5008
0.024	5120
0.018	4912
0.018	4912
0.018	4976
0.017	4768
0.010	4672
0.011	4704
0.010	4784
0.010	4688
0.242	9488
0.267	8672
0.220	9408
0.372	10608
0.235	9456
0.233	9520
0.022	5248
0.020	5040
0.025	5200
0.031	5616
0.024	5376
0.025	5280
0.030	5392
0.024	5440
0.024	5152
0.020	5088
0.023	5200
0.019	4912
0.021	5312
0.042	5648
0.041	5600
0.035	5392
0.072	5584
0.048	6000
0.136	7056
0.108	6256
0.122	6768
0.056	6096
0.056	6032
0.111	7216
0.111	7376
0.112	7344
0.112	7328
0.113	7408
0.112	7136
0.131	7296
0.013	4640
0.012	4656
0.012	4608
0.013	4768
0.020	4896
0.025	4928
0.016	4784
0.014	4688
0.012	4608
0.012	4624
0.012	4560
0.012	4624
0.012	4592
0.012	4704
0.012	4752
0.012	4656
0.012	4752
0.012	4768
0.012	4592
0.012	4496
0.013	4640
0.012	4656
0.013	4528
0.013	4704
0.010	4496
0.011	4608
0.013	4544
0.011	4672
0.013	4752
0.013	4672
0.012	4608
0.012	4736
0.012	4512
0.012	4592
0.012	4496
0.013	4576
0.457	10416
0.044	5696
0.045	5840
0.049	5872
0.044	5760
0.062	5744
0.057	5744
0.045	5744
0.045	5536
0.033	5568
0.049	5808
0.012	4768
0.121	6944
0.083	6720
0.011	4480
0.123	6864
0.018	5104
0.137	6848
0.098	6896
0.105	6912
0.122	6656
0.098	6816
0.098	6928
0.096	6736
0.086	6608
0.072	6416
0.092	6480
0.013	4624
0.078	6384
0.075	6544
0.026	5584
0.073	6576
0.104	6432
0.066	6320
0.109	6576
0.063	6432
0.064	6544
0.116	6432
0.092	6416
0.076	6608
0.075	6528
0.075	6352
0.111	6640
0.011	4608
0.012	4736
0.013	4688
0.010	4688
0.013	4640
0.026	5120
0.013	4608
0.013	4736
0.098	6816
0.110	6832
0.011	4480
0.073	6256
0.103	6960
0.011	4752
0.010	4624
0.013	4752
0.012	4688
0.012	4704
0.013	4672
0.089	6704
0.090	6800
0.090	6848
0.088	6624
0.089	6912
0.085	6720
0.084	6800
0.014	4688
0.062	6384
0.060	6256
0.109	6704
0.011	4688
0.069	6608
0.014	4608
0.013	4752
0.073	5808
0.014	4656
0.014	4544
0.083	6608
0.084	6656
0.013	4736
0.028	4992
0.021	5040
0.109	7168
0.080	6480
0.069	6352
0.060	6368
0.118	6336
0.090	6336
0.120	7184
0.122	7040
0.013	4544
0.129	6784
0.128	6768
0.088	6848
0.109	6640
0.066	6304
0.009	4640
0.012	4608
0.067	6528
0.103	6896
0.132	6784
0.133	6768
0.090	6560
0.134	6752
0.128	6640
0.103	6736
0.137	6880
0.072	6272
0.019	4992
0.077	6608
0.075	6544
0.074	6400
0.086	6544
0.094	7136
0.074	6560
0.169	8208
0.013	4608
0.013	4608
0.100	7040
0.093	6608
0.105	6704
0.013	4784
0.020	5120
0.080	6576
0.015	4944
0.013	4800
0.126	6736
0.093	6960
0.102	6864
0.013	4592
0.013	4736
0.096	7088
0.100	6704
0.148	7104
0.128	6880
0.098	6896
0.097	6752
0.093	6752
0.095	6864
0.079	6832
0.339	10416
0.255	8928
0.211	8896
0.016	4672
0.016	4640
0.016	4736
0.099	6528
0.069	6544
0.094	6480
0.082	6848
0.071	6480
0.077	6480
0.081	6416
0.137	7088
0.100	6896
0.082	6656
0.112	6832
0.087	6768
0.039	5408
0.145	7040
0.133	6752
0.118	6736
0.086	6992
0.109	6800
0.082	6752
0.082	6736
0.088	6112
0.067	6240
0.109	6800
0.114	6640
0.100	6848
0.014	4624
0.011	4576
0.103	7056
0.110	7232
0.176	7200
0.013	4576
0.086	6624
0.096	7088
0.105	6864
0.088	6944
0.124	7136
0.086	6656
0.086	6560
0.090	6976
0.099	6864
0.110	6992
0.012	4688
0.084	6528
0.011	4704
0.073	6480
0.013	4544
0.012	4656
0.060	6352
0.011	4576
0.082	6736
0.109	6800
0.094	6944
0.142	6992
0.095	6864
0.087	6736
0.098	7040
0.012	4656
0.013	4704
0.021	5520
0.075	6688
0.124	6880
0.124	6704
0.123	6560
0.014	4624
0.013	4608
0.105	7168
0.107	7088
0.056	6464
0.137	6768
0.161	6976
0.162	6944
0.090	6928
0.090	6752
0.131	7072
0.097	7072
0.087	6912
0.139	6672
0.089	6576
0.089	6800
0.012	4608
0.012	4736
0.013	4560
0.013	4720
0.078	6512
0.170	6992
0.167	6800
0.090	6720
0.013	4592
0.106	6752
0.145	6928
0.131	6896
0.011	4640
0.308	9296
0.371	9264
0.013	4720
0.013	4656
0.013	4688
0.013	4512
0.080	6672
0.080	6624
0.072	6256
0.076	6768
0.012	4640
0.013	4704
0.013	4656
0.010	4608
0.020	5152
0.070	6336
0.070	6272
0.083	6736
0.096	6720
0.131	7088
0.092	6576
0.009	4688
0.009	4672
0.080	6800
0.114	6560
0.083	6400
0.096	6976
0.067	6320
0.174	7072
0.012	4672
0.171	6992
0.060	6192
0.073	6576
0.075	6240
0.013	4656
0.125	6800
0.158	6848
0.044	5488
0.074	6592
0.087	6688
0.101	6944
0.095	6832
0.069	6640
0.072	6640
0.098	6304
0.080	6720
0.010	4560
0.012	4560
0.013	4720
0.012	4688
0.012	4736
0.080	6592
0.080	6624
0.012	4864
0.012	4688
0.078	6864
0.012	4608
0.012	4448
0.065	6352
0.100	6480
0.013	4736
0.185	7872
0.184	8144
0.206	7920
0.108	7344
0.128	7648
0.159	8032
0.222	7968
0.217	8160
0.260	8048
0.224	8192
0.183	7536
0.125	7568
0.147	7664
0.211	8336
0.111	7296
0.114	7264
0.138	7952
0.209	9136
0.240	8752
0.231	8176
0.137	7440
0.123	7680
0.133	7520
0.123	7616
0.123	7616
0.122	7536
0.144	6880
0.165	7968
0.195	7776
0.140	8192
0.125	7648
0.125	7760
0.276	8880
0.278	8560
0.182	8464
0.194	8480
0.151	7344
0.263	8592
0.236	8688
0.171	8288
0.159	8352
0.169	8688
0.214	8112
0.215	8416
0.215	8288
0.205	7728
0.209	8128
0.254	8144
0.178	7968
0.239	8016
0.238	8000
0.129	7808
0.135	8000
0.136	7744
0.176	7904
0.211	8048
0.212	7904
0.176	8352
0.138	7984
0.145	7904
0.176	7920
0.201	8048
0.162	7728
0.164	7600
0.160	7968
0.160	7744
0.163	7776
0.191	8064
0.177	7728
0.132	7568
0.185	7504
0.220	8096
0.203	9104
0.233	9008
0.191	8912
0.195	8992
0.233	8832
0.236	9120
0.188	8784
0.201	9104
0.201	9152
0.191	8944
0.154	7696
0.262	8576
0.171	8624
0.163	7888
0.227	7856
0.134	7744
0.221	8272
0.260	7776
0.223	7728
0.153	7568
0.155	7536
0.154	7680
0.230	7744
0.234	8208
0.232	8032
0.265	8080
0.153	7680
0.161	8544
0.202	7680
0.179	7520
0.151	8272
0.150	8080
0.152	8096
0.126	7600
0.175	8416
0.101	6176
0.056	5856
0.074	6208
0.096	7104
0.076	6784
0.216	8896
0.122	7600
0.170	7536
0.109	7344
0.112	7440
0.120	7392
0.123	7456
0.125	7888
0.150	7520
0.115	7776
0.208	7408
0.145	6944
0.144	6992
0.144	7904
0.190	8112
0.189	7872
0.185	8144
0.154	7744
0.144	7488
0.121	7456
0.120	7536
0.157	7792
0.220	7856
0.116	7280
0.223	8000
0.235	7984
0.133	6720
0.178	7536
0.143	8224
0.144	7920
0.157	8144
0.181	8144
0.190	8192
0.171	7824
0.171	8032
0.171	7904
0.170	7904
0.172	8096
0.170	7856
0.172	7744
0.170	8176
0.180	8064
0.162	8160
0.127	7872
0.138	8000
0.138	8048
0.315	8672
0.314	8752
0.314	8720
0.313	8672
0.168	7616
0.125	7568
0.127	7360
0.127	7392
0.194	8880
0.159	7584
0.194	7760
0.159	7536
0.201	7728
0.215	8336
0.203	7696
0.200	7472
0.222	8304
0.174	8112
0.176	7952
0.174	8128
0.173	8176
0.174	8304
0.173	7776
0.273	7888
0.179	8176
0.141	7920
0.161	8368
0.159	8352
0.162	8352
0.162	8368
0.165	8224
0.123	7408
0.008	4544
0.191	7840
0.184	8240
0.231	8256
0.173	7968
0.148	7888
0.111	7024
0.215	8048
0.217	8096
0.219	8112
0.146	7760
0.134	7440
0.266	7664
0.160	8048
0.187	8112
0.188	7888
0.138	8000
0.167	8976
0.152	8192
0.190	7824
0.192	7584
0.194	7488
0.127	6800
0.239	7872
0.192	7840
0.104	7168
0.162	7984
0.165	8016
0.111	6976
0.166	7984
0.164	8208
0.166	8160
0.109	7168
0.153	7280
0.204	8256
0.221	8224
0.137	8016
0.124	7824
0.254	8928
0.131	7408
0.172	7712
0.192	7856
0.176	7568
0.209	7760
0.170	8256
0.285	8544
0.204	7824
0.205	8112
0.169	7920
0.260	9200
0.321	8784
0.276	8976
0.181	8624
0.245	8576
0.241	8384
0.340	9472
0.332	9424
0.235	8304
0.204	7888
0.204	8160
0.169	8224
0.205	8272
0.275	8864
0.254	8912
0.235	8544
0.266	8384
0.207	8256
0.168	8080
0.169	8096
0.180	8096
0.136	7968
0.187	8160
0.133	7552
0.135	7504
0.135	8128
0.170	7824
0.135	8000
0.120	7408
0.121	7280
0.131	7472
0.133	7888
0.143	7824
0.173	7936
0.234	8432
0.258	8112
0.158	7760
0.258	8048
0.259	8336
0.174	7600
0.210	8784
0.134	8176
0.173	8160
0.309	8896
0.258	8576
0.202	7792
0.150	7776
0.174	8176
0.171	8112
0.130	8080
0.231	8304
0.186	8752
0.226	7504
0.182	8704
0.269	8736
0.138	8048
0.139	7936
0.206	7712
0.206	7696
0.177	8112
0.148	7632
0.147	7584
0.168	7952
0.155	8208
0.234	8432
0.261	8528
0.271	8496
0.159	7584
0.164	8656
0.154	8304
0.154	8320
0.197	8576
0.129	7488
0.130	7488
0.151	7808
0.166	7616
0.203	7856
0.196	7712
0.230	8272
0.144	8128
0.199	7808
0.198	7664
0.233	7904
0.269	8624
0.141	8064
0.170	8032
0.169	8096
0.168	8016
0.169	7888
0.169	7968
0.169	7904
0.170	7760
0.170	7968
0.172	8032
0.170	7952
0.169	8048
0.126	7856
0.131	7728
0.123	7440
0.169	7616
0.170	7808
0.146	7968
0.125	7552
0.121	7568
0.121	7408
0.122	7712
0.122	7568
0.169	8096
0.168	8144
0.168	7920
0.176	8240
0.205	8192
0.169	8032
0.170	8080
0.141	8320
0.166	7568
0.310	9136
0.310	9264
0.170	7488
0.173	7856
0.173	7840
0.179	8176
0.206	8288
0.174	8080
0.172	8128
0.142	7056
0.172	7888
0.174	7968
0.174	7872
0.122	7616
0.125	7520
0.125	7408
0.155	7904
0.238	8336
0.172	8256
0.192	7648
0.194	7520
0.118	7520
0.167	7408
0.148	7360
0.118	7520
0.118	7456
0.118	7520
0.114	7488
0.119	7376
0.118	7312
0.126	7648
0.167	8416
0.121	7456
0.181	7584
0.132	7488
0.143	7392
0.223	7856
0.115	7472
0.171	7520
0.210	8368
0.213	8576
0.319	8752
0.275	8672
0.163	8560
0.180	7536
0.262	8560
0.217	8032
0.215	7872
0.262	7520
0.177	7440
0.230	8320
0.226	8208
0.171	7568
0.192	7600
0.199	7552
0.176	7488
0.109	7328
0.124	7520
0.201	7776
0.123	7584
0.200	8320
0.066	6416
0.139	7504
0.160	7776
0.161	8464
0.156	7872
0.272	8560
0.165	7520
0.227	8144
0.150	7984
0.174	8560
0.150	7616
0.129	7648
0.226	7856
0.208	8224
0.228	8320
0.222	7696
0.279	8704
0.193	7792
0.139	7856
0.140	7728
0.149	8096
0.220	7792
0.163	8208
0.194	7920
0.139	7792
0.146	7936
0.261	8496
0.179	8144
0.262	8432
0.169	8432
0.140	7520
0.140	7728
0.138	7600
0.139	7792
0.139	7712
0.161	8160
0.159	8112
0.128	7984
0.160	8176
0.161	8400
0.129	8064
0.127	7840
0.125	7712
0.128	7968
0.127	7984
0.128	8064
2.162	24576
0.402	11952
0.350	10944
0.466	11664
0.458	13248
0.467	10560
1.852	26320
1.945	25616
1.901	26864
1.913	26288
1.804	25824
0.783	16304
2.051	26112
2.023	26080
1.497	25984
1.023	19952
1.839	26240
2.012	25600
1.624	26560
1.455	26432
2.002	26368
1.997	26384
1.494	26256
2.072	26336
2.040	26400
1.813	25760
2.135	25728
1.886	26576
1.876	26144
1.852	25792
2.103	26304
2.131	25760
2.134	26240
2.059	26496
1.819	26096
2.117	26176
1.454	25728
1.786	26320
1.892	25808
2.075	27088
2.177	26432
1.558	26416
2.054	26368
1.541	26496
2.102	25792
1.820	26608
2.016	27104
2.183	24512
0.522	10880
2.182	24032
0.707	14480
0.675	15504
0.778	14752
1.395	23952
0.503	13776
0.783	17232
1.520	25040
0.425	12384
0.490	11904
0.499	12032
0.498	11648
0.310	10896
0.386	12176
0.543	11648
0.397	10944
0.399	10560
0.340	11440
0.573	14288
0.499	12144
0.960	19056
1.610	25696
0.378	12160
0.600	13152
1.346	21744
1.381	22464
0.843	13920
0.541	14064
0.425	12224
0.891	14016
0.974	15792
0.668	14624
1.359	19504
0.787	17360
0.542	14080
1.443	20000
0.909	18624
0.925	15104
0.772	16400
1.436	19280
1.288	18256
1.245	18192
2.238	28320
1.097	17424
2.490	27872
2.200	27072
0.506	13696
1.491	24288
0.906	17024
2.187	25824
1.609	25008
1.590	27344
1.544	26864
1.509	25360
1.632	27440
1.666	26640
1.507	25616
1.610	26736
1.115	20432
1.383	21056
2.035	27136
2.004	26416
1.902	25840
1.430	25392
1.584	25728
1.372	24928
1.194	23344
2.023	26288
1.551	25216
1.604	26448
0.338	11232
1.793	25760
0.584	13184
1.569	26224
0.593	11552
0.547	11392
0.540	11168
0.507	11552
0.496	11712
0.547	11616
0.504	11584
0.503	11648
0.504	11744
0.504	11568
0.525	11472
0.495	11824
0.494	11552
0.454	11408
0.419	11584
0.385	10928
0.381	10912
0.440	11184
0.377	11104
0.378	11216
0.418	11168
0.382	10912
0.412	10832
0.546	11360
