0.021	4224
0.013	4144
0.012	3952
0.013	4160
0.012	3776
0.011	4192
0.012	3968
0.011	4208
0.012	4240
0.012	3808
0.012	3904
0.012	4192
0.012	4064
0.013	4288
0.012	4272
0.013	4256
0.013	4208
0.013	3856
0.013	3920
0.013	3952
0.014	4096
0.013	3856
0.013	3904
0.014	4000
0.014	4320
0.014	4304
0.014	4224
0.014	4144
0.015	4400
0.014	4464
0.015	4336
0.015	4480
0.015	4160
0.015	4256
0.015	4128
0.015	4288
0.015	4352
0.016	4016
0.015	3952
0.015	4640
0.015	4288
0.016	4368
0.016	4368
0.016	4256
0.016	4400
0.017	4176
0.017	4496
0.017	4064
0.017	4016
0.017	3936
0.017	4352
0.017	4240
0.018	4368
0.017	4368
0.018	4032
0.017	3968
0.017	4432
0.018	4224
0.018	4416
0.018	4496
0.018	4000
0.018	4192
0.018	4320
0.018	4496
0.018	4032
0.019	4432
0.019	4432
0.019	4464
0.019	4048
0.019	3984
0.020	4128
0.020	4208
0.019	4000
0.019	4512
0.020	4288
0.020	4560
0.020	4080
0.020	4576
0.020	4160
0.020	4160
0.020	4384
0.020	4064
0.020	4480
0.021	4576
0.020	4240
0.020	4480
0.021	4624
0.021	4464
0.022	4208
0.021	4560
0.022	4032
0.022	4512
0.022	4512
0.022	4480
0.022	4224
0.022	4480
0.022	4592
0.023	4352
0.023	4592
0.023	4640
0.023	4320
0.023	4288
0.023	4480
0.023	4592
0.023	4384
0.023	4480
0.023	4576
0.024	4512
0.024	4560
0.025	4688
0.023	4544
0.024	4624
0.024	4224
0.024	4592
0.025	4512
0.024	4112
0.025	4608
0.025	4192
0.024	4624
0.025	4672
0.025	4688
0.025	4688
0.025	4752
0.025	4320
0.025	4592
0.026	4528
0.025	4144
0.026	4672
0.026	4784
0.026	4192
0.026	4608
0.026	4496
0.026	4240
0.026	4672
0.028	4640
0.027	4464
0.027	4688
0.027	4384
0.027	4288
0.027	4800
0.026	4240
0.027	4448
0.028	4720
0.027	4464
0.027	4736
0.027	4560
0.028	4608
0.028	4368
0.028	4416
0.028	4208
0.028	4528
0.029	4656
0.029	4432
0.028	4304
0.029	4352
0.029	4752
0.029	4416
0.030	4464
0.029	4464
0.029	4784
0.029	4480
0.030	4512
0.031	4784
0.030	4800
0.031	4896
0.031	4432
0.030	4480
0.031	4496
0.031	4800
0.031	4752
0.031	4544
0.030	4496
0.030	4784
0.030	4784
0.030	4336
0.031	4560
0.031	4576
0.033	4672
0.031	4768
0.031	4448
0.031	4768
0.031	4464
0.032	4400
0.032	4752
0.032	4832
0.032	4848
0.032	4448
0.033	4544
0.034	4928
0.033	4800
0.033	4912
0.033	4432
0.032	4432
0.034	4720
0.033	4752
0.033	4512
0.035	4544
0.034	4448
0.034	4832
0.033	4576
0.034	4608
0.034	4912
0.034	4880
0.034	4896
0.034	4832
0.034	4560
0.034	4576
0.035	4704
0.035	4560
0.035	4512
0.034	4512
0.035	4880
0.035	4848
0.036	4576
0.035	4912
0.035	4608
0.035	4656
0.036	4528
0.035	4704
0.036	5072
0.036	4704
0.037	4656
0.036	4592
0.037	5024
0.037	4912
0.037	4704
0.037	4864
0.037	5008
0.036	4656
0.038	4752
0.037	4704
0.037	4624
0.037	4912
0.037	4768
0.037	4480
0.038	4624
0.037	4608
0.038	4976
0.038	4512
0.038	4544
0.038	5008
0.038	4912
0.038	4880
0.039	4528
0.038	4928
0.039	4576
0.039	4768
0.039	4560
0.039	4992
0.040	4688
0.039	4976
0.040	5008
0.038	4592
0.040	4704
0.039	5024
0.040	5008
0.039	5008
0.040	5024
0.040	4912
0.041	4656
0.040	4976
0.040	4528
0.040	4944
0.042	5088
0.041	4720
0.040	4688
0.041	4672
0.041	5040
0.041	4656
0.041	4720
0.042	4656
0.043	4736
0.041	4560
0.042	4544
0.042	4976
0.042	5040
0.041	4768
0.042	5152
0.042	5088
0.042	4832
0.042	5104
0.042	5056
0.042	4608
0.043	4672
0.042	5104
0.042	5136
0.042	5024
0.042	5088
0.042	4608
0.041	4624
0.043	4704
0.044	4688
0.044	4656
0.044	4672
0.044	4688
0.044	4720
0.044	4560
0.043	4560
0.044	4656
0.045	5120
0.044	5040
0.044	5072
0.045	5152
0.044	5040
0.045	4944
0.045	5136
0.045	5120
0.045	4736
0.044	5040
0.046	4864
0.045	5184
0.046	5136
0.046	4752
0.046	5024
0.045	5088
0.047	4816
0.046	5200
0.046	5088
0.046	5104
0.049	5120
0.046	4752
0.047	4688
0.046	4736
0.047	4752
0.046	4752
0.047	5040
0.047	4720
0.047	5088
0.047	4864
0.047	4816
0.046	4960
0.048	5152
0.047	4896
0.048	5008
0.048	5184
0.049	5200
0.048	4864
0.049	5168
0.047	5040
0.048	4720
0.048	4832
0.048	5168
0.048	5232
0.049	4784
0.048	4896
0.049	5040
0.049	4832
0.049	4832
0.050	4944
0.049	4784
0.049	4864
0.049	5152
0.051	5248
0.050	4816
0.050	4848
0.050	4816
0.051	4944
0.050	4848
0.051	4880
0.050	4784
0.051	5264
0.050	4832
0.051	5040
0.051	5248
0.051	4880
0.051	4896
0.050	4960
0.051	4816
0.051	5296
0.051	4864
0.052	4912
0.050	5184
0.052	5200
0.052	4832
0.053	4832
0.053	5216
0.052	5088
0.051	4912
0.053	4832
0.051	5216
0.052	4912
0.055	5280
0.052	5232
0.052	5328
0.054	5344
0.054	4848
0.053	4912
0.053	5200
0.054	5296
0.053	5024
0.054	5312
0.055	5056
0.054	4864
0.055	4880
0.055	5024
0.055	4944
0.053	4944
0.055	4880
0.055	5328
0.053	4912
0.055	4976
0.054	5264
0.056	4928
0.055	5296
0.055	5008
0.078	5248
0.055	5152
0.055	5344
0.054	4960
0.055	4960
0.053	5296
0.055	5424
0.056	4928
0.056	5408
0.056	4944
0.057	5296
0.057	4976
0.059	5232
0.055	4880
0.056	5040
0.057	5360
0.056	5456
0.057	5008
0.057	5408
0.058	5040
0.059	5008
0.058	4976
0.059	5472
0.058	5024
0.059	5104
0.058	5424
0.058	5472
0.059	5072
0.058	5328
0.059	5184
0.059	5104
0.058	5072
0.059	5392
0.060	5680
0.057	5168
0.059	5232
0.060	5120
0.060	5232
0.059	5216
0.059	5504
0.059	5168
0.059	5216
0.061	5536
0.059	5568
0.059	5136
0.060	5216
0.061	5616
0.059	5232
0.061	5136
0.061	5536
0.062	5040
0.061	5472
0.060	5264
0.064	5296
0.062	5312
0.062	5616
0.063	5664
0.062	5440
0.062	5456
0.060	5024
0.062	5392
0.062	5360
0.062	5328
0.063	5536
0.063	5248
0.063	5248
0.062	5328
0.061	5168
0.063	5600
0.064	5600
0.064	5360
0.064	5664
0.063	5136
0.064	5520
0.064	5712
0.063	5248
0.064	5344
0.064	5280
0.063	5328
0.065	5632
0.064	5296
0.065	5616
0.064	5296
0.065	5648
0.064	5568
0.064	5664
0.064	5584
0.064	5312
0.064	5392
0.064	5440
0.064	5328
0.064	5536
0.066	5264
0.065	5312
0.066	5328
0.065	5216
0.067	5328
0.067	5584
0.067	5680
0.068	5440
0.067	5376
0.067	5360
0.066	5328
0.067	5584
0.066	5328
0.067	5200
0.067	5216
0.067	5200
0.068	5632
0.066	5328
0.066	5520
0.066	5296
0.067	5376
0.068	5600
0.069	5536
0.067	5408
0.067	5408
0.066	5568
0.067	5616
0.068	5168
0.067	5168
0.069	5312
0.069	5504
0.068	5488
0.068	5392
0.068	5216
0.069	5296
0.068	5376
0.069	5264
0.068	5504
0.068	5392
0.067	5296
0.068	5280
0.069	5248
0.069	5664
0.070	5376
0.069	5600
0.069	5376
0.069	5312
0.069	5440
0.071	5440
0.070	5776
0.071	5488
0.070	5392
0.070	5712
0.069	5456
0.071	5376
0.071	5632
0.070	5296
0.071	5264
0.072	5360
0.071	5456
0.071	5408
0.071	5456
0.070	5296
0.071	5504
0.072	5328
0.072	5792
0.070	5440
0.072	5376
0.072	5744
0.072	5408
0.072	5264
0.072	5312
0.072	5616
0.072	5328
0.072	5408
0.071	5648
0.073	5296
0.074	5456
0.072	5568
0.071	5360
0.073	5264
0.073	5808
0.073	5664
0.076	5360
0.084	5872
0.073	5616
0.073	5584
0.073	5264
0.075	5712
0.075	5504
0.076	5472
0.074	5376
0.073	5616
0.075	5792
0.073	5408
0.074	5792
0.075	5424
0.075	5504
0.075	5648
0.075	5856
0.074	5440
0.076	5776
0.074	5456
0.076	5680
0.074	5488
0.075	5360
0.075	5552
0.075	5456
0.076	5632
0.076	5648
0.076	5456
0.075	5904
0.076	5952
0.073	5536
0.074	5568
0.074	5600
0.075	5504
0.078	5792
0.075	5456
0.078	5824
0.077	5552
0.078	5472
0.076	5440
0.078	5536
0.077	5408
0.077	5664
0.076	5984
0.077	5536
0.077	5520
0.079	5776
0.079	5872
0.078	5872
0.077	5456
0.077	5472
0.079	5856
0.080	5584
0.079	5616
0.078	5568
0.078	5584
0.079	5584
0.080	5648
0.080	5760
0.080	5472
0.079	5584
0.080	5456
0.080	5728
0.078	5840
0.081	5696
0.079	5888
0.080	5408
0.079	5888
0.080	5696
0.082	5984
0.081	5856
0.080	5648
0.080	5696
0.080	5408
0.082	5568
0.081	5536
0.081	5728
0.082	5648
0.082	5776
0.081	5776
0.082	5568
0.082	5568
0.081	5584
0.082	5648
0.081	5600
0.083	5632
0.081	5632
0.081	5792
0.082	5552
0.082	5472
0.082	5648
0.082	5680
0.082	5568
0.082	5776
0.084	5648
0.082	5680
0.083	5968
0.083	6000
0.084	5648
0.083	5744
0.082	5712
0.083	5888
0.082	5456
0.083	5776
0.082	5696
0.083	5600
0.084	5584
0.085	5664
0.084	5664
0.083	5936
0.083	5536
0.085	5728
0.085	5568
0.086	5840
0.084	5600
0.083	5728
0.082	5552
0.081	5840
0.084	5968
0.085	6064
0.085	5952
0.085	5632
0.084	5616
0.084	5632
0.086	5728
0.085	5824
0.084	5664
0.085	5712
0.087	6016
0.089	5904
0.085	5712
0.087	5872
0.087	5568
0.085	5600
0.085	5936
0.088	5680
0.086	5712
0.085	5616
0.088	5664
0.086	5680
0.087	5872
0.088	5808
0.086	5376
0.087	5632
0.088	5744
0.087	5792
0.088	5952
0.089	5552
0.086	5728
0.088	5712
0.088	5776
0.090	5616
0.088	5728
0.087	5664
0.088	5696
0.089	5648
0.114	6080
0.091	5776
0.088	5920
0.090	5664
0.089	5600
0.090	5728
0.091	5792
0.091	5872
0.090	5776
0.090	5792
0.090	5744
0.089	5760
0.088	5760
0.091	5744
0.089	5776
0.091	5664
0.091	6064
0.090	5536
0.092	5856
0.089	5648
0.092	5712
0.089	5920
0.090	5744
0.089	5648
0.092	5824
0.092	5920
0.092	5824
0.092	5776
0.093	5808
0.091	5760
0.091	5712
0.093	5616
0.092	6064
0.092	5872
0.093	6144
0.092	5712
0.093	5888
0.089	5776
0.089	5840
0.090	5552
0.094	6112
0.094	5904
0.091	5888
0.095	5808
0.095	5824
0.096	6080
0.094	5856
0.095	5808
0.094	5808
0.095	5760
0.095	6064
0.095	5872
0.093	5824
0.096	6064
0.095	5904
0.098	5904
0.095	5920
0.095	6016
0.094	5552
0.096	6192
0.096	5840
0.094	6144
0.096	5904
0.096	5776
0.095	6080
0.093	6160
0.100	5808
0.095	5712
0.095	5776
0.096	5728
0.097	5952
0.097	5984
0.096	5936
0.094	5808
0.098	5904
0.095	5696
0.095	5728
0.095	5824
0.097	6016
0.096	6112
0.098	5872
0.097	5888
0.099	6016
0.097	6144
0.097	6304
0.096	5712
0.096	5872
0.099	5744
0.097	6288
0.097	5728
0.100	6160
0.096	5824
0.097	5712
0.101	5968
0.097	5920
0.099	5824
0.096	5888
0.097	6176
0.098	5920
0.098	5664
0.100	6096
0.098	5856
0.100	5824
0.098	6288
0.098	5888
0.097	5920
0.098	5744
0.097	5968
0.100	5952
0.096	5840
0.097	5856
0.101	5888
0.100	5792
0.103	5952
0.099	5840
0.101	6176
0.099	5904
0.098	5888
0.098	5968
0.099	5952
0.100	6080
0.102	5888
0.100	5888
0.101	6160
0.101	5904
0.102	5952
0.102	5952
0.101	5872
0.104	5968
0.103	6144
0.103	5952
0.101	6288
0.100	5984
0.100	5888
0.105	6032
0.102	5856
0.101	5808
0.121	6144
0.103	6160
0.101	5792
0.102	6112
0.103	6256
0.102	5728
0.103	5952
0.101	6128
0.104	5856
0.104	6128
0.104	6096
0.102	6048
0.102	6240
0.103	5968
0.104	6272
0.104	6064
0.105	6064
0.105	6080
0.103	5792
0.103	6048
0.105	6224
0.104	6112
0.105	6256
0.105	6208
0.103	5952
0.105	6000
0.104	5984
0.106	6096
0.104	6064
0.104	5920
0.106	6256
0.104	6032
0.106	6304
0.105	6032
0.104	5872
0.107	6048
0.104	6000
0.106	5968
0.105	6000
0.104	6368
0.102	5808
0.105	6128
0.106	5936
0.106	6064
0.108	5936
0.105	5952
0.106	6192
0.109	6000
0.107	6048
0.106	6192
0.106	6096
0.106	6032
0.109	6144
0.108	6016
0.110	6208
0.107	6000
0.107	5936
0.110	6160
0.108	6240
0.107	6048
0.111	6160
0.110	6176
0.109	6176
0.107	6080
0.111	6160
0.113	6480
0.111	6096
0.108	6016
0.109	5856
0.107	6080
0.110	6064
0.110	6112
0.108	5904
0.112	6176
0.108	6048
0.109	6128
0.109	6432
0.109	6240
0.110	6128
0.114	6192
0.109	6352
0.110	6112
0.111	6240
0.112	6080
0.112	6320
0.110	6176
0.110	6128
0.109	5984
0.110	6256
0.112	6432
0.109	6288
0.109	6096
0.110	6144
0.110	6032
0.112	6256
0.111	6080
0.111	6208
0.111	6224
0.111	5968
0.112	6112
0.110	6144
0.114	6352
0.110	6064
0.109	6064
0.113	6208
0.111	5984
0.112	6208
0.112	6160
0.113	6528
0.112	6128
0.113	6192
0.113	6128
0.113	6160
0.113	6528
0.113	6480
0.114	6304
0.112	6336
0.113	6640
0.113	6080
0.114	6560
0.116	6304
0.113	6128
0.113	6416
0.115	6400
0.116	6432
0.114	6064
0.114	6144
0.116	6336
0.114	6688
0.117	6496
0.113	6752
0.111	6384
0.113	6736
0.114	6368
0.115	6384
0.114	6144
0.118	6416
0.115	6592
0.139	6512
0.116	6368
0.117	6720
0.117	6176
0.115	6528
0.116	6208
0.116	6432
0.115	6032
0.118	6400
0.115	6432
0.115	6064
0.118	6576
0.118	6432
0.117	6224
0.117	6528
0.117	6192
0.117	6224
0.118	6464
0.119	6832
0.118	6400
0.117	6400
0.118	6480
0.117	6752
0.120	6704
0.115	6608
0.114	6112
0.124	6480
0.118	6272
0.119	6816
0.118	6224
0.119	6768
0.120	6480
0.119	6624
0.118	6768
0.119	6576
0.118	6208
0.121	6512
0.119	6512
0.119	6656
0.120	6224
0.119	6240
0.122	6560
0.120	6832
0.119	6704
0.119	6384
0.119	6304
0.120	6128
0.120	6400
0.121	6848
0.120	6848
0.120	6544
0.119	6336
0.123	6480
0.120	6208
0.121	6848
0.121	6160
0.120	6288
0.120	6576
0.120	6272
0.123	6320
0.127	6768
0.119	6336
0.126	6176
0.123	6288
0.122	6320
0.123	6928
0.121	6624
0.123	6528
0.123	6640
0.123	6336
0.122	6496
0.124	6416
0.124	6304
0.124	6608
0.121	6400
0.123	6448
0.123	6576
0.124	6464
0.122	6896
0.124	6464
0.123	6816
0.121	6320
0.120	6576
0.125	6768
0.122	6272
0.125	6720
0.123	6736
0.125	6176
0.124	6672
0.124	6576
0.123	6304
0.124	6272
0.124	6656
0.123	6608
0.125	6592
0.124	6768
0.125	6512
0.122	6640
0.125	6496
0.128	6800
0.124	6656
0.127	6400
0.126	6240
0.125	6240
0.125	6368
0.144	6544
0.124	6560
0.127	6688
0.128	6752
0.126	6624
0.125	6576
0.130	6640
0.126	6560
0.124	6448
0.128	6384
0.128	6624
0.127	6576
0.126	6592
0.126	6288
0.129	6768
0.127	6704
0.126	6624
0.126	6592
0.132	6464
0.128	6592
0.128	6624
0.127	6384
0.127	6592
0.127	6448
0.129	6848
0.128	6464
0.130	6720
0.128	6512
0.127	6528
0.129	6496
0.130	6304
0.126	6448
0.125	6560
0.129	6560
0.129	6304
0.131	6608
0.130	6560
0.130	6672
0.130	6592
0.128	6384
0.128	6576
0.130	6976
0.130	6768
0.132	6624
0.131	6688
0.130	6688
0.130	6800
0.129	6960
0.131	6656
0.131	6816
0.134	6640
0.132	6864
0.133	6592
0.133	6688
0.130	6880
0.130	6592
0.131	6576
0.132	6624
0.131	6448
0.132	7024
0.131	6672
0.130	6512
0.132	7024
0.131	6592
0.130	6496
0.131	7040
0.131	6720
0.133	6704
0.133	6448
0.131	6672
0.131	6800
0.132	6432
0.134	6576
0.131	6592
0.132	7040
0.131	6592
0.130	6720
0.132	7024
0.134	6864
0.135	6848
0.133	6720
0.136	6688
0.136	6624
0.131	6640
0.130	6864
0.130	6432
0.134	6864
0.133	6576
0.133	6544
0.135	6768
0.134	6672
0.133	6512
0.134	6736
0.135	6768
0.135	6784
0.134	6688
0.135	7136
0.135	6656
0.133	6720
0.135	6544
0.136	6928
0.137	6512
0.134	6640
0.133	6576
0.140	6896
0.135	6736
0.134	6768
0.137	6560
0.137	6576
0.135	6528
0.137	6720
0.138	7184
0.135	6832
0.138	6896
0.137	6816
0.138	6912
0.138	6800
0.137	6816
0.136	6512
0.145	6864
0.137	6480
0.137	6816
0.138	6720
0.138	6624
0.138	6640
0.137	6832
0.139	6640
0.138	7040
0.139	6912
0.139	7040
0.139	7152
0.138	6928
0.137	6720
0.141	7168
0.137	6784
0.135	6480
0.137	6768
0.138	7072
0.139	6528
0.139	6800
0.143	6704
0.166	6992
0.139	6608
0.140	6576
0.143	6752
0.138	6576
0.141	6960
0.140	6832
0.139	6448
0.141	7168
0.140	6992
0.141	6928
0.140	6848
0.140	6880
0.142	6848
0.142	6768
0.140	6720
0.141	6880
0.141	6832
0.140	6640
0.140	6800
0.147	7168
0.142	7008
0.146	6880
0.143	6816
0.141	6752
0.139	6928
0.140	6768
0.143	6640
0.143	6576
0.142	6784
0.146	6864
0.142	6688
0.140	6784
0.142	6944
0.144	6864
0.140	6896
0.141	6832
0.142	6704
0.143	7088
0.142	7200
0.142	6608
0.144	7104
0.140	6656
0.138	6864
0.142	6896
0.142	6992
0.142	6768
0.144	6784
0.150	7056
0.146	7136
0.143	7072
0.147	7040
0.145	6848
0.143	6512
0.144	6816
0.145	6720
0.147	7008
0.145	6880
0.147	6880
0.148	6864
0.144	6944
0.146	6800
0.144	6784
0.145	6784
0.145	6944
0.147	6896
0.146	6992
0.144	6944
0.146	6752
0.145	6560
0.146	7024
0.146	6944
0.147	6960
0.147	7232
0.146	6768
0.146	7008
0.148	7008
0.145	6736
0.146	7040
0.146	6752
0.146	6672
0.149	6992
0.148	6736
0.151	7392
0.147	7056
0.153	6736
0.146	6752
0.147	7040
0.148	6912
0.148	6784
0.143	6960
0.144	6640
0.154	7248
0.147	7056
0.147	6992
0.151	6928
0.153	7232
0.149	6688
0.150	6848
0.149	6944
0.147	6640
0.147	6768
0.148	6816
0.147	6752
0.154	7056
0.150	6752
0.155	6768
0.150	6784
0.150	7008
0.149	7328
0.149	6720
0.150	6960
0.149	6752
0.149	7232
0.153	6848
0.150	7136
0.149	7040
0.153	7088
0.153	7072
0.150	7024
0.153	7040
0.149	6704
0.151	6944
0.149	7088
0.150	6784
0.150	7136
0.152	6912
0.151	7088
0.156	6912
0.152	7056
0.151	7168
0.151	7056
0.152	7168
0.156	6880
0.150	7040
0.152	7056
0.148	6976
0.148	7184
0.151	6784
0.151	6960
0.152	6944
0.177	7344
0.155	6944
0.152	7472
0.152	7056
0.158	6896
0.152	6624
0.155	7104
0.153	7408
0.153	7104
0.155	6800
0.155	7120
0.155	6768
0.153	7168
0.154	7136
0.155	6976
0.155	7136
0.153	6960
0.156	7200
0.154	6864
0.156	7040
0.154	6912
0.153	6832
0.154	6720
0.156	7152
0.156	7200
0.153	6832
0.153	7088
0.156	7296
0.155	6848
0.157	7072
0.155	7024
0.156	6992
0.155	7168
0.154	7088
0.157	7104
0.159	7152
0.155	7200
0.158	7104
0.156	7232
0.158	7120
0.152	7104
0.153	7232
0.157	7024
0.156	7088
0.156	7056
0.157	7104
0.158	7136
0.157	7056
0.156	7040
0.158	6896
0.157	7504
0.157	7008
0.158	7120
0.158	7152
0.159	7184
0.157	7104
0.157	7136
0.158	7392
0.158	6848
0.159	7072
0.157	7408
0.158	7024
0.158	6880
0.162	7072
0.160	7024
0.160	7136
0.157	6864
0.159	7040
0.159	7408
0.159	7168
0.160	7088
0.160	7504
0.159	7104
0.160	7072
0.161	7184
0.163	7088
0.159	6816
0.159	7104
0.161	7152
0.159	6960
0.159	7152
0.160	6832
0.160	7136
0.159	7184
0.158	7248
0.158	7344
0.160	6832
0.161	7120
0.161	7200
0.159	7632
0.161	7200
0.160	7200
0.162	7376
0.163	7296
0.162	7552
0.161	7136
0.160	7312
0.161	7216
0.161	7088
0.165	7280
0.160	6944
0.163	6896
0.162	7104
0.167	7472
0.163	7408
0.161	7104
0.166	7184
0.163	7184
0.162	7504
0.162	7360
0.162	7440
0.165	7232
0.163	7312
0.164	7168
0.165	7264
0.167	7136
0.165	7200
0.168	7312
0.163	7280
0.164	7008
0.164	7200
0.163	7264
0.163	7376
0.166	7200
0.163	7008
0.166	7248
0.163	7360
0.162	7184
0.163	7072
0.163	6976
0.170	7136
0.167	7568
0.165	7200
0.165	6960
0.165	7216
0.164	7216
0.164	7136
0.165	7248
0.165	7040
0.165	6928
0.188	7552
0.164	7312
0.164	7216
0.165	7024
0.165	7056
0.165	7280
0.165	7296
0.169	7216
0.167	7408
0.167	7120
0.172	7088
0.168	7120
0.168	7248
0.165	6944
0.168	7264
0.167	7344
0.166	7312
0.166	7296
0.166	7408
0.172	6960
0.167	7600
0.167	7328
0.168	7440
0.167	7312
0.170	7280
0.171	7696
0.166	7264
0.167	7216
0.170	7280
0.169	7328
0.174	7680
0.169	7488
0.168	7344
0.169	7200
0.168	7120
0.169	7168
0.170	7424
0.168	6976
0.170	7408
0.171	7312
0.170	7520
0.171	7344
0.170	7104
0.170	6960
0.173	7104
0.175	7280
0.171	7536
0.170	6912
0.174	7472
0.171	7248
0.170	7184
0.172	7056
0.171	7536
0.173	7440
0.170	7296
0.169	7344
0.173	7056
0.171	7040
0.166	7152
0.168	7408
0.170	7424
0.169	7152
0.169	7120
0.171	7360
0.172	7472
0.172	7472
0.172	7472
0.171	7392
0.183	7424
0.169	7344
0.169	7616
0.174	7392
0.172	7392
0.176	7312
0.173	7328
0.177	7344
0.175	7168
0.176	7536
0.180	7360
0.173	7664
0.174	7440
0.174	7328
0.174	7184
0.174	7616
0.172	7392
0.175	7504
0.174	7424
0.174	7376
0.175	7344
0.173	7456
0.175	7392
0.178	7392
0.175	7088
0.176	7376
0.174	7168
0.174	7120
0.175	7280
0.174	7504
0.176	7760
0.174	6912
0.177	7360
0.176	7472
0.174	7344
0.177	7152
0.178	7344
0.178	7504
0.177	7344
0.180	7472
0.175	7456
0.173	7376
0.176	7376
0.177	7376
0.177	7504
0.178	7504
0.184	7392
0.175	7424
0.179	7440
0.178	7600
0.178	7536
0.178	7328
0.178	7328
0.179	7424
0.180	7808
0.177	7456
0.184	7200
0.181	7472
0.182	7104
0.183	7712
0.178	7392
0.180	7648
0.178	7408
0.178	7344
0.179	7232
0.189	7472
0.179	7440
0.178	7536
0.180	7584
0.179	7456
0.182	7472
0.178	7424
0.179	7264
0.205	7648
0.187	7344
0.178	7536
0.178	7472
0.181	7520
0.180	7408
0.179	7328
0.176	7488
0.185	7472
0.181	7488
0.179	7184
0.181	7472
0.180	7648
0.182	7632
0.182	7568
0.180	7360
0.189	7824
0.179	7520
0.180	7488
0.184	7456
0.184	7312
0.185	7472
0.184	7536
0.181	7408
0.181	7440
0.185	7488
0.180	7280
0.182	7520
0.181	7600
0.182	7440
0.189	7616
0.181	7360
0.181	7440
0.183	7776
0.188	7568
0.182	7472
0.184	7360
0.187	7520
0.184	7632
0.183	7456
0.182	7456
0.186	7552
0.184	7200
0.184	7728
0.180	7504
0.179	7392
0.188	7488
0.187	7312
0.185	7488
0.191	7584
0.182	7536
0.185	7472
0.185	7760
0.184	7760
0.185	7584
0.183	7328
0.186	7600
0.185	7584
0.184	7536
0.184	7536
0.184	7520
0.186	7632
0.194	7632
0.186	7472
0.185	7456
0.187	7696
0.187	7456
0.186	7472
0.185	7664
0.184	7584
0.187	7600
0.186	7568
0.189	7616
0.189	7424
0.185	7632
0.190	7744
0.185	7616
0.185	7472
0.187	7328
0.185	7552
0.187	7392
0.186	7616
0.184	7696
0.185	7888
0.186	7584
0.185	7552
0.190	7712
0.191	7632
0.187	7776
0.193	7632
0.188	7488
0.193	7440
0.188	7696
0.186	7632
0.190	7664
0.187	7424
0.190	8048
0.188	7472
0.187	7824
0.197	7632
0.196	7776
0.188	7744
0.190	7600
0.190	7440
0.187	7488
0.189	7488
0.188	7360
0.190	7616
0.189	7280
0.189	7824
0.189	7648
0.188	7696
0.192	7696
0.190	7568
0.189	7696
0.196	7456
0.190	7680
0.190	7488
0.190	7712
0.185	7584
0.193	7712
0.190	7888
0.192	7664
0.195	7712
0.198	7520
0.194	7888
0.198	7600
0.192	7488
0.193	7616
0.191	7696
0.192	7600
0.193	7680
0.190	7408
0.194	7744
0.193	7920
0.190	7440
0.197	7536
0.192	7424
0.213	7872
0.195	7664
0.191	7824
0.192	7744
0.194	7744
0.193	7728
0.197	7984
0.193	7488
0.194	7696
0.195	7568
0.192	7744
0.192	7760
0.196	7856
0.196	7808
0.194	7776
0.194	7792
0.195	7728
0.191	7680
0.193	7312
0.198	7664
0.195	7808
0.194	7488
0.193	7792
0.196	7408
0.193	7760
0.194	7776
0.194	7792
0.194	7664
0.194	7712
0.194	7408
0.196	7728
0.196	7536
0.196	7568
0.196	7552
0.197	7776
0.195	7744
0.195	7904
0.195	7712
0.200	7760
0.199	7360
0.196	7664
0.202	7616
0.198	7712
0.197	7776
0.195	7584
0.196	7728
0.196	7424
0.196	7472
0.197	7920
0.197	7552
0.197	7760
0.198	7584
0.198	7760
0.195	7792
0.198	8224
0.198	7648
0.203	7744
0.196	7872
0.195	7888
0.199	7808
0.200	7808
0.198	7728
0.198	7760
0.205	7600
0.199	7440
0.200	7424
0.203	7824
0.198	7840
0.197	7904
0.199	7600
0.206	7968
0.202	7696
0.199	8016
0.201	7904
0.200	7728
0.199	7584
0.202	7728
0.201	7856
0.200	7776
0.202	7808
0.204	7728
0.202	7840
0.204	7936
0.204	7568
0.202	7808
0.201	7808
0.199	7776
0.201	7920
0.198	7344
0.201	7664
0.206	7936
0.204	7952
0.203	8160
0.203	7712
0.201	7584
0.203	7648
0.203	7904
0.204	7920
0.203	7824
0.226	8144
0.208	7712
0.205	7952
0.201	8016
0.207	7936
0.207	8032
0.204	8080
0.213	7840
0.204	7936
0.205	7664
0.213	8048
0.209	7616
0.205	7904
0.208	7728
0.204	7728
0.206	8192
0.205	8240
0.205	7936
0.206	7744
0.211	7632
0.206	8112
0.206	7904
0.201	8176
0.210	7648
0.208	7984
0.207	7840
0.205	7840
0.207	7840
0.204	7984
0.207	7664
0.205	8064
0.229	8368
0.208	7904
0.207	7808
0.206	7760
0.208	7872
0.215	8240
0.206	7664
0.210	8144
0.206	7856
0.207	8096
0.205	7888
0.209	7968
0.208	7824
0.208	7968
0.206	8176
0.205	7792
0.208	8000
0.208	7936
0.208	8080
0.207	8064
0.210	7952
0.214	8016
0.208	8112
0.208	8288
0.205	7952
0.206	7936
0.209	8416
0.208	8096
0.211	8000
0.212	7584
0.207	7728
0.209	8016
0.211	7776
0.210	7904
0.208	7888
0.211	8032
0.210	7968
0.212	7968
0.213	7744
0.215	7888
0.211	7584
0.219	7968
0.217	7712
0.207	7840
0.217	8384
0.218	8416
0.210	7952
0.212	8112
0.209	7984
0.214	8096
0.217	7776
0.214	7968
0.219	8144
0.212	8240
0.216	7792
0.213	7968
0.218	8096
0.211	8096
0.221	7856
0.236	8096
0.212	7552
0.222	8064
0.213	8080
0.218	8432
0.214	8256
0.214	8032
0.218	8384
0.210	8000
0.214	7936
0.213	8224
0.214	7952
0.214	7968
0.212	8128
0.215	7776
0.213	7968
0.219	8112
0.214	7728
0.222	8016
0.214	7872
0.215	8064
0.214	7968
0.215	7840
0.215	7920
0.216	7744
0.220	8416
0.215	7824
0.214	7744
0.213	7984
0.212	7952
0.213	7984
0.215	8096
0.217	8000
0.216	8000
0.219	7920
0.220	7728
0.222	8176
0.215	7904
0.215	8080
0.222	7856
0.216	8128
0.219	8096
0.217	8128
0.217	8064
0.218	7936
0.216	8032
0.219	8048
0.218	8240
0.229	7968
0.217	8128
0.218	8000
0.220	8208
0.217	8016
0.215	8064
0.228	8416
0.217	8112
0.216	8208
0.222	8016
0.219	8192
0.234	8192
0.227	8768
0.220	8192
0.215	8112
0.218	8496
0.221	8096
0.223	8144
0.221	7984
0.222	7872
0.222	8224
0.218	8160
0.217	8128
0.223	8016
0.219	8016
0.223	7952
0.220	8256
0.222	8000
0.219	7888
0.222	8112
0.221	7696
0.224	8256
0.220	8096
0.221	8144
0.221	7952
0.220	8096
0.225	8176
0.220	8176
0.222	7920
0.221	7808
0.221	7872
0.222	8048
0.222	8048
0.222	8064
0.219	8032
0.230	8320
0.215	8112
0.224	8192
0.222	8112
0.223	8352
0.222	8112
0.226	8256
0.227	8176
0.221	7760
0.227	8192
0.222	8224
0.224	8064
0.223	7888
0.227	7904
0.223	8144
0.231	7968
0.223	7888
0.222	8464
0.224	7984
0.227	8160
0.226	8208
0.224	8256
0.225	8224
0.224	8048
0.225	8224
0.225	7968
0.243	8448
0.227	8192
0.233	8336
0.228	8048
0.223	8048
0.225	8160
0.220	8288
0.227	8112
0.225	8352
0.229	8176
0.225	8160
0.231	8176
0.225	8288
0.225	7968
0.226	8176
0.227	8256
0.230	8096
0.225	7936
0.228	8096
0.226	8176
0.227	8192
0.226	8160
0.224	8240
0.228	8144
0.227	7984
0.226	8288
0.227	7936
0.228	8240
0.227	7840
0.232	8224
0.231	8368
0.232	8448
0.228	8208
0.229	8256
0.226	8096
0.228	7904
0.224	8272
0.234	8192
0.228	8096
0.232	8192
0.231	8176
0.230	8256
0.230	8288
0.234	8048
0.231	8208
0.235	8272
0.228	7920
0.231	8208
0.229	8160
0.231	7872
0.242	8352
0.228	8256
0.231	8304
0.231	8336
0.231	8288
0.231	8272
0.228	8304
0.237	8304
0.231	8240
0.229	8160
0.250	8544
0.232	8704
0.228	8576
0.231	8320
0.231	8144
0.227	8208
0.230	8288
0.229	8336
0.232	8224
0.228	7984
0.233	8128
0.231	8288
0.231	8288
0.234	8272
0.238	8288
0.231	8240
0.234	8192
0.232	8016
0.231	8192
0.233	8288
0.233	8016
0.233	8384
0.231	8320
0.233	8384
0.238	8512
0.252	8096
0.229	8384
0.235	8160
0.236	8304
0.234	7824
0.229	8048
0.234	8512
0.233	8208
0.231	8256
0.235	8304
0.239	8288
0.228	8704
0.232	8384
0.234	8288
0.232	8352
0.234	8192
0.234	7648
0.234	8208
0.234	8592
0.236	8272
0.235	8240
0.236	8304
0.234	8256
0.236	8480
0.235	8224
0.253	8704
0.238	8688
0.252	8560
0.235	8336
0.235	8176
0.233	7904
0.240	8272
0.234	8368
0.237	8576
0.240	8144
0.235	8384
0.237	8336
0.239	8352
0.237	8448
0.234	8624
0.234	8256
0.235	8096
0.236	8304
0.234	8432
0.239	8320
0.241	8272
0.235	8176
0.236	8400
0.237	8480
0.237	8320
0.237	8368
0.236	8320
0.239	8352
0.241	8384
0.240	8304
0.239	8800
0.240	8784
0.239	8688
0.238	8864
0.240	8912
0.236	8912
0.240	8608
0.239	9136
0.242	8768
0.237	8416
0.241	8832
0.239	8592
0.241	8800
0.237	8576
0.240	8704
0.234	8688
0.245	8720
0.239	8736
0.242	8736
0.241	8896
0.239	8672
0.238	8480
0.243	8336
0.246	8784
0.238	8560
0.242	8608
0.238	8816
0.242	8816
0.240	8992
0.242	8864
0.242	9056
0.238	8656
0.261	9040
0.243	8688
0.248	8496
0.244	8768
0.248	8400
0.242	8528
0.246	8976
0.243	8688
0.241	8400
0.242	8880
0.241	8400
0.240	8752
0.237	8624
0.243	8896
0.240	8800
0.243	8592
0.243	8576
0.247	8928
0.247	8880
0.245	8864
0.254	8736
0.245	8800
0.243	8928
0.244	9184
0.245	8896
0.243	8896
0.247	8896
0.243	9024
0.253	8768
0.245	8688
0.260	9040
0.245	8880
0.247	8896
0.246	8464
0.247	8864
0.245	9296
0.248	8640
0.246	8672
0.247	8656
0.244	8448
0.252	8864
0.245	8784
0.252	8720
0.249	9232
0.255	8864
0.256	8976
0.253	8816
0.244	8480
0.250	8832
0.246	8864
0.247	8896
0.248	8816
0.246	9008
0.246	8624
0.253	8784
0.245	8848
0.247	8736
0.248	8576
0.252	8944
0.251	8976
0.270	9072
0.247	8704
0.248	8880
0.246	8752
0.248	8720
0.247	8848
0.251	8848
0.246	8832
0.249	9040
0.247	8736
0.248	8960
0.258	8864
0.249	8688
0.251	8720
0.251	8592
0.248	8688
0.250	8720
0.248	8960
0.251	8896
0.251	9040
0.252	8832
0.251	8688
0.251	8752
0.254	9296
0.251	9024
0.250	8976
0.264	8800
0.249	8944
0.250	8752
0.247	8752
0.250	8816
0.259	8992
0.252	9024
0.255	9104
0.251	8880
0.250	8816
0.243	8656
0.250	9168
0.252	8656
0.251	8688
0.253	8912
0.251	8704
0.253	8752
0.252	8928
0.253	8752
0.251	8784
0.254	9024
0.253	8960
0.258	8752
0.252	8544
0.253	8896
0.253	8960
0.251	8688
0.260	9328
0.253	8896
0.266	9040
0.260	9072
0.256	8960
0.256	9312
0.253	9168
0.276	9120
0.254	8768
0.254	9008
0.249	8912
0.259	8912
0.255	8960
0.252	8880
0.255	8688
0.254	8768
0.255	8896
0.256	8832
0.259	9056
0.253	9104
0.255	8976
0.255	8832
0.252	8928
0.255	8816
0.256	8880
0.259	9056
0.261	8672
0.257	9136
0.255	8928
0.257	9072
0.258	8944
0.257	8928
0.256	8944
0.256	9088
0.257	9056
0.258	8976
0.257	9040
0.256	9056
0.262	8848
0.256	8912
0.258	8656
0.255	8736
0.260	8832
0.257	8912
0.260	9264
0.258	9104
0.260	8832
0.260	9088
0.259	9104
0.257	8864
0.264	8992
0.259	8944
0.260	8896
0.258	8992
0.264	9248
0.268	8960
0.262	8608
0.262	9344
0.258	8976
0.261	8624
0.259	9088
0.262	9168
0.259	9056
0.260	9072
0.263	8992
0.260	9072
0.261	9168
0.285	9232
0.264	8768
0.268	9104
0.265	9104
0.262	9152
0.260	8912
0.259	9168
0.262	9184
0.266	9024
0.262	8736
0.262	8816
0.261	9440
0.262	9072
0.263	8864
0.259	8688
0.265	8880
0.260	9024
0.272	9136
0.258	8992
0.264	8928
0.262	9168
0.265	9088
0.261	9136
0.275	9056
0.254	8800
0.263	9184
0.262	8784
0.261	8960
0.262	9248
0.263	9008
0.264	9168
0.263	8912
0.264	9184
0.267	9040
0.264	9232
0.262	9008
0.265	9248
0.262	9120
0.265	9184
0.263	8912
0.272	9408
0.271	8992
0.266	9008
0.270	8928
0.264	9120
0.263	9184
0.263	9008
0.265	9168
0.263	9168
0.266	9152
0.263	9232
0.263	9216
0.263	9056
0.268	9152
0.265	8784
0.267	9024
0.268	9216
0.264	8816
0.267	9056
0.268	8960
0.292	9264
0.263	9072
0.264	8912
0.270	9040
0.266	8864
0.266	8960
0.278	9152
0.265	9072
0.273	9168
0.264	8896
0.277	8944
0.266	9152
0.265	9120
0.263	9136
0.266	9040
0.265	9248
0.265	9136
0.273	9104
0.274	9360
0.275	8960
0.265	8736
0.268	9264
0.268	9440
0.272	9232
0.266	9184
0.266	9184
0.267	9136
0.272	9024
0.265	8992
0.267	9232
0.275	9264
0.268	9120
0.277	9280
0.270	9184
0.267	9024
0.276	9248
0.269	8912
0.269	9232
0.271	9248
0.267	9136
0.273	9088
0.273	9200
0.265	9024
0.265	9296
0.270	8960
0.278	9312
0.269	9008
0.273	9136
0.268	9184
0.272	8768
0.268	9216
0.267	9232
0.269	9120
0.282	9136
0.273	9152
0.272	9056
0.268	9120
0.269	9008
0.274	9120
0.272	9184
0.290	9376
0.274	8960
0.269	8848
0.275	9280
0.271	9360
0.273	9120
0.272	9376
0.277	9024
0.278	9392
0.268	9056
0.271	9424
0.274	9088
0.277	8912
0.273	9392
0.270	9360
0.271	9328
0.270	9104
0.283	9376
0.273	9216
0.274	9280
0.274	9040
0.274	9408
0.275	9520
0.273	9200
0.273	9328
0.275	9360
0.273	9248
0.272	9344
0.273	9056
0.274	9360
0.275	9104
0.275	9264
0.267	9248
0.276	8928
0.267	9264
0.282	9136
0.271	9376
0.273	9104
0.278	9424
0.274	9248
0.274	9424
0.279	9120
0.278	9312
0.275	9408
0.287	9072
0.275	9408
0.275	9248
0.277	9376
0.283	9136
0.275	9232
0.276	9296
0.286	8976
0.273	9360
0.276	9360
0.279	9584
0.276	9392
0.275	9424
0.280	9328
0.274	9184
0.273	9216
0.310	9536
0.276	9488
0.282	9056
0.275	9248
0.283	9152
0.282	9136
0.277	9248
0.278	9424
0.277	9360
0.278	9712
0.276	9120
0.278	9888
0.278	9056
0.278	8976
0.277	9440
0.276	9200
0.288	9136
0.274	9408
0.279	9136
0.280	9392
0.278	9072
0.277	9472
0.280	9408
0.277	9456
0.279	8976
0.276	9248
0.277	9456
0.281	9136
0.278	9488
0.284	9056
0.277	9200
0.286	9168
0.291	9104
0.278	9280
0.279	9344
0.282	9440
0.276	9184
0.281	9376
0.282	9072
0.287	9424
0.278	9136
0.278	9472
0.281	9328
0.281	9392
0.282	9168
0.283	9184
0.279	9504
0.286	9328
0.280	9456
0.276	9200
0.277	9424
0.279	9456
0.284	9216
0.282	9312
0.281	9136
0.279	9600
0.285	9312
0.283	9488
0.285	9536
0.284	9296
0.309	9488
0.288	9648
0.289	9440
0.283	9232
0.284	8928
0.280	9248
0.280	9376
0.286	9296
0.282	9264
0.282	9344
0.286	9376
0.285	9184
0.283	9488
0.288	9312
0.276	9536
0.283	9424
0.280	8960
0.281	9344
0.283	9424
0.287	9504
0.282	9360
0.284	9392
0.283	9120
0.283	9152
0.283	9280
0.287	9296
0.288	9328
0.283	9072
0.291	9248
0.286	9456
0.285	9392
0.284	9440
0.287	9376
0.293	9568
0.294	9408
0.286	9152
0.289	9664
0.282	9120
0.284	9264
0.281	9168
0.292	9600
0.284	9344
0.286	9568
0.297	9408
0.293	9488
0.286	9488
0.287	9440
0.289	9392
0.286	9360
0.289	9472
0.294	9456
0.287	9424
0.289	9376
0.286	9248
0.286	9088
0.290	9232
0.290	9264
0.288	9280
0.285	9344
0.310	9648
0.287	9136
0.284	9200
0.287	9392
0.283	9552
0.291	9600
0.287	9392
0.295	9280
0.288	9568
0.289	9440
0.296	9472
0.287	9504
0.298	9488
0.287	9456
0.292	9472
0.290	9392
0.287	9296
0.292	9392
0.288	9392
0.294	9184
0.291	9824
0.285	9280
0.290	9328
0.289	9536
0.289	9440
0.288	9440
0.293	9472
0.290	9536
0.282	9472
0.297	9568
0.288	9472
0.297	9520
0.290	9408
0.291	9280
0.291	9648
0.291	9216
0.290	9264
0.292	9648
0.292	9440
0.290	9408
0.292	9424
0.291	9504
0.291	9424
0.301	9520
0.292	9504
0.290	9472
0.295	9376
0.291	9488
0.294	9472
0.291	9488
0.293	9536
0.292	9696
0.284	9200
0.299	9440
0.292	9568
0.292	9232
0.292	9120
0.294	9600
0.291	9664
0.296	9536
0.318	9760
0.293	9440
0.294	9424
0.289	9648
0.292	9648
0.295	9520
0.294	9552
0.294	9360
0.297	9408
0.296	9264
0.292	9392
0.295	9312
0.294	9456
0.293	9696
0.297	9168
0.296	9440
0.291	9632
0.304	9376
0.298	9520
0.296	9616
0.298	9328
0.294	9584
0.304	9424
0.294	9472
0.297	9328
0.301	9472
0.297	9568
0.304	9584
0.295	9408
0.298	9504
0.294	9408
0.297	9568
0.304	9424
0.296	9392
0.303	9520
0.294	9568
0.297	9536
0.297	9536
0.303	9584
0.291	9712
0.292	9296
0.296	9472
0.296	9696
0.297	9440
0.299	9792
0.302	9280
0.299	9568
0.296	9376
0.301	9472
0.313	9680
0.298	9632
0.301	9648
0.299	9584
0.299	9696
0.298	9424
0.309	9472
0.300	9376
0.297	9488
0.301	9616
0.302	9536
0.329	9744
0.300	9760
0.295	9328
0.294	9616
0.300	9744
0.309	9936
0.301	9584
0.308	9616
0.299	9584
0.302	9472
0.310	9840
0.301	9664
0.301	9632
0.299	9504
0.295	9680
0.295	9680
0.294	9440
0.297	9632
0.292	9472
0.293	9664
0.295	9728
0.302	9664
0.293	9600
0.303	9648
0.297	9344
0.297	9648
0.295	9664
0.295	9616
0.295	9440
0.293	9488
0.295	9632
0.296	9600
0.297	9552
0.296	9664
0.295	9568
0.293	9744
0.303	9824
0.294	9568
0.296	9360
0.301	9824
0.312	9456
0.303	9536
0.294	9536
0.301	9856
0.298	9632
0.295	9632
0.301	9504
0.297	9712
0.297	9520
0.296	9792
0.297	9792
0.303	9760
0.298	9744
0.297	9408
0.297	9600
0.301	9808
0.305	9296
0.301	9536
0.300	9728
0.296	9776
0.321	9616
0.298	9456
0.298	9856
0.296	9520
0.298	9696
0.298	9728
0.305	9728
0.298	9744
0.298	9536
0.298	9936
0.297	9744
0.307	9680
0.301	9568
0.301	9840
0.300	9520
0.301	9760
0.306	9360
0.299	9472
0.299	9728
0.303	9936
0.299	9872
0.300	9568
0.301	9504
0.301	9632
0.299	9728
0.301	9488
0.301	9744
0.299	9664
0.309	9584
0.303	9872
0.304	9728
0.300	9696
0.299	9456
0.301	9776
0.302	9840
0.302	9808
0.301	9792
0.306	9808
0.313	9536
0.302	9856
0.301	9648
0.305	9552
0.305	9472
0.302	9712
0.302	9408
0.303	9856
0.307	9360
0.302	9712
0.304	10000
0.306	9712
0.303	9568
0.303	9520
0.302	9840
0.305	9936
0.302	9776
0.300	9680
0.302	9888
0.303	9648
0.311	9632
0.333	10000
0.306	9824
0.304	9968
0.303	9664
0.305	9808
0.303	9536
0.305	9872
0.301	10000
0.306	10112
0.309	9728
0.306	9872
0.304	9744
0.303	9536
0.312	9920
0.304	9888
0.308	9888
0.303	9728
0.310	9616
0.310	9840
0.307	9216
0.311	9792
0.307	9616
0.306	9648
0.306	9952
0.305	9680
0.306	9968
0.307	9456
0.309	9840
0.304	9728
0.308	9360
0.307	9648
0.306	9888
0.313	9872
0.305	9488
0.311	9968
0.308	9632
0.309	9696
0.311	9904
0.309	9664
0.307	9952
0.317	10048
0.308	9824
0.311	10000
0.307	9904
0.307	9632
0.305	10048
0.308	10000
0.307	9872
0.309	9872
0.309	9840
0.307	9696
0.308	9552
0.311	9648
0.307	9664
0.309	9696
0.309	9984
0.311	9632
0.308	9968
0.311	10000
0.306	9840
0.329	9888
0.309	9824
0.311	9680
0.309	9696
0.309	9856
0.309	9808
0.309	9616
0.313	9584
0.314	9872
0.317	9904
0.313	9632
0.312	9568
0.313	9664
0.312	9792
0.323	10016
0.312	9504
0.310	9968
0.319	9952
0.312	10128
0.314	9840
0.318	9776
0.319	9808
0.311	10000
0.321	9856
0.323	9888
0.311	10048
0.315	9648
0.314	9872
0.312	9520
0.313	9856
0.313	9600
0.312	9984
0.314	9984
0.312	10080
0.314	10064
0.314	9568
0.313	10048
0.311	9904
0.312	9600
0.315	9888
0.317	9856
0.313	10096
0.316	9728
0.317	9872
0.312	9600
0.318	9648
0.314	9728
0.316	9872
0.312	9824
0.312	9696
0.323	9584
0.313	9696
0.313	9744
0.316	9824
0.314	9584
0.317	10000
0.316	9984
0.312	9872
0.315	10048
0.319	9728
0.338	9968
0.314	10176
0.317	9888
0.312	9712
0.322	9968
0.315	9744
0.321	10032
0.317	9936
0.316	9744
0.314	9952
0.320	10000
0.319	10048
0.320	9968
0.318	9872
0.317	10032
0.317	10016
0.315	10096
0.316	10048
0.323	10032
0.323	10080
0.318	9952
0.321	9856
0.316	9664
0.326	10272
0.317	9824
0.328	10032
0.322	10128
0.324	9872
0.317	10000
0.330	10032
0.324	9968
0.319	9968
0.317	9488
0.318	9808
0.317	10080
0.318	9792
0.321	10048
0.320	10000
0.318	9904
0.319	9840
0.327	9936
0.320	9584
0.323	10192
0.318	10144
0.321	9920
0.319	10080
0.320	9984
0.320	9984
0.319	10096
0.320	9504
0.321	10112
0.320	10160
0.326	9840
0.332	10000
0.323	10096
0.320	9808
0.319	9936
0.320	9744
0.338	10144
0.323	10272
0.340	9888
0.323	10048
0.320	10048
0.322	9968
0.329	9920
0.321	9840
0.327	9680
0.322	9840
0.323	9792
0.331	10064
0.323	10000
0.323	10096
0.327	10032
0.327	10128
0.324	9680
0.327	9824
0.324	9856
0.324	9920
0.329	10176
0.323	10080
0.327	9776
0.324	10064
0.325	10144
0.322	9776
0.325	9808
0.331	10128
0.334	10256
0.329	9904
0.329	9984
0.324	9760
0.322	10096
0.335	10352
0.327	10240
0.325	10032
0.324	9968
0.325	9904
0.324	10016
0.326	9984
0.328	10016
0.325	10240
0.329	9648
0.324	10176
0.327	10288
0.331	9856
0.333	10032
0.325	9696
0.330	10176
0.327	10112
0.328	10112
0.334	10064
0.326	9872
0.324	10064
0.325	9936
0.327	10224
0.326	9808
0.324	9920
0.326	9920
0.331	9792
0.327	10064
0.328	9728
0.350	10064
0.324	9680
0.328	9968
0.324	9936
0.327	9952
0.330	10224
0.330	9520
0.328	9824
0.337	10048
0.352	10208
0.335	10112
0.326	9952
0.327	10192
0.329	10048
0.335	10416
0.333	10176
0.329	9984
0.336	10288
0.334	10224
0.327	9872
0.328	10240
0.332	10544
0.329	10000
0.329	9856
0.331	10464
0.329	10144
0.328	9776
0.328	10128
0.329	10064
0.341	10032
0.334	10400
0.330	10016
0.340	9984
0.329	9920
0.329	10256
0.331	10144
0.330	9888
0.337	10304
0.330	9856
0.331	10080
0.328	10112
0.330	9904
0.332	10160
0.333	10320
0.331	9696
0.337	9904
0.332	10064
0.329	9680
0.331	10032
0.330	10128
0.334	10240
0.331	10256
0.332	10000
0.340	10320
0.330	9808
0.332	10032
0.333	10336
0.332	10016
0.331	10080
0.337	10032
0.354	10432
0.332	10320
0.332	10112
0.333	10144
0.337	10240
0.332	10304
0.330	9856
0.331	10016
0.334	10304
0.332	10112
0.331	10176
0.334	9888
0.335	10448
0.332	10256
0.335	10000
0.333	10112
0.332	9968
0.332	10112
0.336	10144
0.334	10112
0.339	10224
0.338	10160
0.335	9984
0.338	10064
0.341	9856
0.336	10160
0.335	10304
0.334	10032
0.338	9984
0.340	10080
0.336	10064
0.335	10256
0.336	10128
0.337	10336
0.339	10048
0.333	10080
0.341	10064
0.334	10320
0.334	10320
0.338	10112
0.343	10272
0.337	10192
0.333	10208
0.335	10176
0.338	10144
0.339	10400
0.339	10032
0.339	10208
0.334	10352
0.337	10080
0.339	10320
0.350	10064
0.339	10320
0.337	10384
0.349	10368
0.337	10128
0.339	10352
0.339	10256
0.349	10224
0.337	10304
0.363	10416
0.336	10160
0.337	9856
0.342	10336
0.342	10224
0.342	10432
0.343	10224
0.337	9616
0.338	10144
0.340	10368
0.344	10144
0.344	10064
0.343	10336
0.338	10368
0.338	10416
0.339	10208
0.342	10160
0.346	10416
0.339	10192
0.340	10112
0.338	10048
0.342	10192
0.342	10432
0.339	10336
0.341	10032
0.341	10432
0.345	10304
0.344	10464
0.342	10160
0.343	10112
0.343	10096
0.342	10384
0.343	10208
0.342	10336
0.341	10160
0.346	10400
0.343	10128
0.343	10000
0.341	10352
0.341	10048
0.342	10048
0.345	10608
0.342	10240
0.343	10144
0.342	10448
0.354	10384
0.342	10336
0.343	10352
0.344	10576
0.352	10576
0.344	9776
0.342	10400
0.342	10176
0.344	10384
0.347	10816
0.342	10224
0.346	10080
0.344	10304
0.343	10240
0.345	10352
0.367	10560
0.344	10336
0.353	10448
0.345	10240
0.344	10144
0.342	10096
0.345	10432
0.350	10080
0.345	10064
0.346	10224
0.347	10352
0.344	10128
0.344	10016
0.345	10512
0.345	10112
0.345	10192
0.344	10240
0.343	10192
0.345	10464
0.347	10320
0.347	10432
0.346	10352
0.351	10480
0.346	10608
0.347	10384
0.353	10544
0.349	10384
0.348	10464
0.348	10384
0.347	10208
0.347	10160
0.348	10448
0.345	10400
0.348	10240
0.348	10352
0.349	10512
0.347	10416
0.346	10368
0.351	10336
0.354	10608
0.356	10400
0.350	10544
0.346	10736
0.354	10144
0.348	10448
0.349	10448
0.348	10432
0.347	10240
0.348	10512
0.347	10432
0.348	10352
0.348	10448
0.347	10272
0.351	10480
0.349	10368
0.348	10336
0.352	10352
0.356	10352
0.350	10272
0.359	10048
0.366	10608
0.357	10800
0.354	10400
0.347	10480
0.351	10560
0.349	10368
0.349	10240
0.353	10352
0.353	10240
0.349	10560
0.356	10720
0.351	10544
0.351	10736
0.351	10032
0.351	10368
0.351	10416
0.356	10240
0.354	10288
0.353	10368
0.359	10272
0.350	10336
0.354	10736
0.352	10560
0.353	10528
0.353	10464
0.356	10512
0.349	10432
0.354	10560
0.355	10496
0.351	10448
0.356	10128
0.358	10096
0.357	10464
0.354	10288
0.352	10320
0.355	10416
0.353	10320
0.366	10400
0.356	10576
0.353	10416
0.357	10480
0.359	10416
0.357	10464
0.352	10560
0.359	10752
0.354	10416
0.354	10592
0.353	10320
0.356	10256
0.351	10560
0.353	10464
0.358	10384
0.356	10592
0.356	10032
0.355	10256
0.365	10192
0.354	10560
0.356	10288
0.355	10352
0.359	10224
0.381	10416
0.354	10112
0.355	10496
0.356	10368
0.357	10352
0.355	10336
0.359	10672
0.355	10528
0.361	10192
0.356	10480
0.356	9984
0.360	10272
0.356	10528
0.358	10336
0.356	10624
0.357	10528
0.361	10224
0.361	10656
0.365	10160
0.357	10400
0.357	9936
0.356	10384
0.358	10144
0.358	10288
0.364	10592
0.359	10352
0.362	10112
0.363	10368
0.360	10496
0.368	10448
0.384	10288
0.374	10128
0.364	10400
0.359	10608
0.362	10848
0.364	10176
0.360	10608
0.357	10432
0.360	10528
0.360	10320
0.358	10192
0.359	10512
0.371	10368
0.357	9952
0.369	10544
0.363	10544
0.358	10480
0.361	10288
0.357	10400
0.359	10560
0.362	10544
0.367	10448
0.361	10592
0.367	10528
0.361	10688
0.357	10512
0.361	10656
0.362	10432
0.364	10512
0.363	10752
0.381	10896
0.367	10592
0.363	10368
0.360	10480
0.366	10688
0.362	10384
0.362	10704
0.360	10432
0.366	10496
0.360	10624
0.361	10752
0.366	10624
0.360	10880
0.363	10720
0.360	10496
0.369	10400
0.360	10480
0.362	10352
0.364	10944
0.363	10448
0.363	10656
0.363	10496
0.365	10448
0.361	10448
0.365	10576
0.364	10608
0.367	10656
0.362	10608
0.364	10480
0.366	11008
0.369	10784
0.365	10464
0.364	10544
0.363	10528
0.365	10016
0.370	10688
0.365	10672
0.363	10176
0.365	10432
0.365	10656
0.365	10512
0.368	10480
0.370	10208
0.365	10608
0.365	10720
0.359	10544
0.370	10432
0.364	10480
0.364	10672
0.364	10320
0.368	10704
0.369	10304
0.366	10368
0.376	10608
0.369	10576
0.366	10432
0.364	10112
0.367	10480
0.365	10656
0.367	10640
0.385	10288
0.366	10720
0.365	10304
0.365	10608
0.368	10528
0.366	10400
0.371	10832
0.373	10816
0.369	10704
0.370	10688
0.368	10416
0.371	10864
0.370	10576
0.370	10672
0.367	10672
0.366	10320
0.367	10672
0.373	10448
0.369	10896
0.367	10464
0.383	10800
0.378	10448
0.369	10272
0.369	10080
0.370	10848
0.368	10736
0.371	10384
0.369	10576
0.374	10448
0.371	10752
0.370	10512
0.370	10480
0.372	10752
0.371	10560
0.372	10416
0.368	10752
0.370	10832
0.374	10512
0.369	10688
0.377	10368
0.369	10480
0.372	10576
0.372	10704
0.376	11088
0.371	10560
0.371	10800
0.377	10576
0.376	10624
0.370	10688
0.372	10688
0.378	11104
0.371	10768
0.371	10640
0.373	10896
0.370	10400
0.370	10304
0.381	10704
0.371	10656
0.374	10672
0.373	10480
0.394	11056
0.370	10864
0.371	10576
0.374	10816
0.375	10592
0.369	10560
0.381	10608
0.370	10624
0.372	10592
0.372	10160
0.377	10928
0.373	10800
0.378	10704
0.377	10832
0.374	10656
0.369	10688
0.374	10736
0.375	10640
0.380	10800
0.373	10928
0.378	10960
0.374	10640
0.374	10768
0.375	10864
0.380	10688
0.374	10816
0.375	10832
0.375	10672
0.375	10896
0.376	10976
0.376	10640
0.376	10768
0.374	10464
0.378	10688
0.373	10688
0.377	10816
0.376	10800
0.376	10624
0.380	10784
0.377	10704
0.379	10688
0.374	10496
0.376	11008
0.379	10688
0.379	10736
0.377	10704
0.381	10576
0.375	10512
0.378	10336
0.374	10640
0.377	10592
0.377	10656
0.377	10608
0.376	10912
0.377	10800
0.381	10624
0.375	10688
0.377	10656
0.377	10928
0.377	10768
0.395	10976
0.378	11312
0.378	10832
0.378	10352
0.379	10384
0.376	10368
0.392	10432
0.383	10784
0.381	10800
0.378	10672
0.378	10864
0.382	10752
0.381	10848
0.381	10880
0.377	10288
0.381	10816
0.379	10624
0.386	10416
0.384	10528
0.382	10768
0.382	10560
0.379	11040
0.380	10912
0.374	10736
0.382	10624
0.383	10800
0.380	10928
0.382	10672
0.380	10816
0.381	10928
0.380	10528
0.391	11104
0.383	10544
0.381	10928
0.382	10752
0.380	10576
0.380	10640
0.380	10896
0.382	11056
0.381	10816
0.388	10896
0.385	10880
0.384	10736
0.382	10704
0.379	10512
0.387	10912
0.387	10400
0.383	10768
0.383	10720
0.389	11232
0.376	10624
0.385	10704
0.380	10736
0.383	10880
0.386	10880
0.385	10896
0.383	10880
0.386	10608
0.388	10720
0.383	10928
0.398	10896
0.384	10416
0.382	10800
0.384	10720
0.387	10640
0.387	11168
0.388	10944
0.392	10816
0.383	11024
0.386	10784
0.384	10992
0.389	10848
0.387	10992
0.392	10992
0.386	10720
0.386	10592
0.387	10976
0.386	10944
0.385	10544
0.388	10880
0.387	10896
0.382	10432
0.386	10880
0.387	10864
0.388	10928
0.383	10864
0.386	10960
0.385	11200
0.385	11040
0.386	10992
0.386	10832
0.386	10576
0.390	10672
0.385	10784
0.386	10832
0.384	10672
0.388	10976
0.393	10848
0.411	10608
0.402	10992
0.386	10848
0.388	11072
0.387	11056
0.390	10928
0.389	10848
0.389	10784
0.390	10768
0.388	11072
0.390	11072
0.385	10528
0.394	11040
0.388	10832
0.386	10672
0.390	10896
0.387	11072
0.394	10944
0.392	10976
0.392	11024
0.393	11104
0.392	10768
0.412	10864
0.393	10944
0.393	10944
0.393	10944
0.391	10896
0.393	11008
0.392	10784
0.389	10912
0.391	11056
0.387	10912
0.392	11136
0.389	10944
0.398	11024
0.393	11136
0.389	10928
0.393	11328
0.390	10880
0.391	11104
0.394	11072
0.392	10864
0.390	11008
0.392	10640
0.394	10912
0.400	11024
0.390	10944
0.393	11024
0.397	10752
0.399	10704
0.398	10672
0.392	10784
0.401	11088
0.398	10816
0.393	11104
0.395	10912
0.391	10768
0.396	10960
0.394	10576
0.397	10848
0.393	11056
0.395	10976
0.403	10656
0.392	10976
0.396	10848
0.392	10608
0.399	10704
0.394	11184
0.395	10976
0.396	10816
0.403	11216
0.393	10896
0.393	10864
0.395	10576
0.396	11136
0.403	10912
0.397	11040
0.396	10832
0.388	10528
0.394	11008
0.395	10800
0.398	10864
0.419	10960
0.397	11008
0.401	11072
0.393	10896
0.400	11408
0.400	11200
0.396	11120
0.399	11072
0.394	11120
0.399	10928
0.398	11280
0.401	10864
0.398	10736
0.402	11008
0.398	10560
0.396	10768
0.397	10928
0.393	10976
0.402	10896
0.394	10848
0.397	10992
0.399	11328
0.401	11040
0.395	10784
0.397	11072
