0.089	8832
0.072	8688
0.073	8704
0.074	7952
0.073	8704
0.073	7632
0.075	7648
0.075	8752
0.077	7824
0.076	7712
0.076	7680
0.076	8880
0.078	8928
0.078	8992
0.077	8032
0.078	8896
0.078	9040
0.080	8416
0.079	8416
0.080	7200
0.079	7184
0.080	8944
0.081	8944
0.080	8960
0.080	8880
0.081	8144
0.079	9056
0.080	9056
0.080	8768
0.082	7808
0.083	8480
0.083	8256
0.084	8208
0.084	9056
0.085	9040
0.085	7792
0.085	8864
0.085	9056
0.086	9072
0.086	9152
0.087	8896
0.086	7936
0.088	9120
0.087	7856
0.089	7472
0.089	7328
0.089	9296
0.088	8816
0.091	8768
0.090	7616
0.091	8704
0.092	7632
0.090	8384
0.092	8448
0.091	9136
0.093	8448
0.093	9328
0.093	9296
0.093	8784
0.095	7824
0.095	8912
0.094	9360
0.094	8528
0.096	8208
0.098	9408
0.097	9424
0.097	9376
0.097	9216
0.096	9312
0.123	9712
0.098	8304
0.099	8592
0.099	9488
0.099	8032
0.100	8160
0.101	9328
0.101	8752
0.100	9504
0.102	7968
0.102	9072
0.102	8720
0.103	8400
0.103	8672
0.102	9600
0.103	9552
0.103	8704
0.102	9008
0.105	9408
0.104	8832
0.104	7904
0.105	9152
0.104	9312
0.104	8208
0.104	9776
0.105	9280
0.108	9616
0.109	8000
0.108	8368
0.108	9536
0.111	9584
0.111	9584
0.110	8544
0.110	9760
0.110	9760
0.109	9472
0.112	8608
0.113	9904
0.110	8832
0.111	9776
0.112	9680
0.112	9120
0.114	8832
0.112	9376
0.113	9696
0.114	8112
0.114	9632
0.114	9040
0.113	8416
0.113	8032
0.114	9904
0.115	9776
0.115	9664
0.116	9456
0.116	8608
0.117	9856
0.119	8688
0.115	8976
0.117	8224
0.118	9040
0.119	9696
0.118	9296
0.120	9120
0.118	8976
0.119	9744
0.119	9184
0.118	8160
0.122	9232
0.122	9488
0.120	8576
0.119	8624
0.121	9584
0.121	10000
0.121	8416
0.120	8720
0.122	9792
0.123	9840
0.125	9632
0.127	9408
0.128	9712
0.124	8832
0.125	9888
0.124	8464
0.123	10000
0.122	9808
0.125	10080
0.126	9696
0.131	10224
0.125	9840
0.127	9424
0.127	10064
0.129	8496
0.132	10096
0.132	10160
0.129	9328
0.128	8832
0.129	9456
0.129	9664
0.132	9472
0.133	9648
0.129	8624
0.128	9440
0.130	9456
0.130	10208
0.134	9008
0.134	10080
0.137	10080
0.134	10080
0.133	9248
0.133	10304
0.135	10144
0.134	9264
0.135	10320
0.136	10432
0.137	8800
0.135	8912
0.134	9504
0.136	10160
0.139	9216
0.140	8704
0.140	10496
0.139	9536
0.136	9952
0.135	8656
0.140	9104
0.138	10352
0.139	10128
0.138	10176
0.139	8992
0.142	9968
0.143	9136
0.145	10160
0.140	9472
0.142	8816
0.177	10432
0.141	9968
0.148	10624
0.144	10512
0.145	10368
0.147	10144
0.145	10096
0.145	8832
0.143	10576
0.149	10208
0.144	8880
0.150	10576
0.146	10128
0.144	9536
0.146	8928
0.149	9600
0.149	10240
0.149	9952
0.147	8784
0.148	10576
0.147	10208
0.147	10544
0.147	8880
0.151	10432
0.151	8864
0.152	10816
0.151	10368
0.155	10736
0.150	8912
0.149	9344
0.153	10384
0.154	10400
0.155	10560
0.155	10544
0.158	9216
0.158	10544
0.154	10160
0.157	10416
0.156	9712
0.160	10624
0.157	9584
0.156	9072
0.154	10192
0.155	10480
0.158	10368
0.157	10432
0.159	10560
0.155	9200
0.158	9360
0.159	10576
0.160	10112
0.158	9392
0.158	10256
0.161	10832
0.164	10208
0.163	11040
0.162	9296
0.162	10816
0.167	11056
0.164	11040
0.164	10832
0.165	10832
0.168	10848
0.162	10784
0.167	10304
0.164	9616
0.162	9680
0.165	10896
0.166	11056
0.171	11104
0.171	10432
0.167	10912
0.167	10080
0.166	11072
0.167	10880
0.173	10960
0.167	9392
0.170	10960
0.170	11232
0.168	10896
0.168	9696
0.172	11088
0.177	11040
0.172	10272
0.175	11248
0.171	11024
0.170	11328
0.170	11008
0.171	10912
0.169	10816
0.170	10816
0.171	11232
0.175	10000
0.171	11168
0.171	10992
0.181	11408
0.175	11136
0.177	11280
0.175	10480
0.177	10880
0.176	10032
0.177	9856
0.179	10480
0.178	10864
0.179	11040
0.174	10960
0.179	10480
0.178	10032
0.180	10768
0.199	11424
0.194	11648
0.181	10832
0.184	10672
0.186	10560
0.178	11088
0.185	10608
0.186	11024
0.188	11056
0.186	10064
0.191	10256
0.190	11024
0.181	10928
0.183	11392
0.181	10240
0.186	10064
0.181	10480
0.191	10896
0.189	10720
0.187	10736
0.189	9920
0.189	11408
0.185	11520
0.189	10784
0.185	9808
0.183	11024
0.188	11504
0.185	11472
0.186	10864
0.189	11184
0.186	11568
0.186	11584
0.190	11520
0.186	11056
0.195	11568
0.190	9920
0.193	11344
0.188	10560
0.189	10016
0.198	11600
0.198	11456
0.188	11328
0.190	11568
0.195	10080
0.199	11664
0.204	11648
0.195	11920
0.199	11024
0.198	10960
0.198	10208
0.194	11680
0.193	11280
0.201	10160
0.203	10992
0.199	10144
0.195	11328
0.198	10720
0.196	11696
0.198	10400
0.205	11840
0.197	11536
0.196	11312
0.200	10432
0.203	10880
0.197	11504
0.198	10512
0.198	10704
0.198	11536
0.206	11856
0.200	10320
0.200	11440
0.200	11696
0.201	11472
0.209	10304
0.208	11936
0.206	10960
0.207	11168
0.206	10528
0.231	11952
0.209	11648
0.220	10704
0.210	11552
0.212	10736
0.208	10816
0.208	11968
0.206	11872
0.207	10576
0.204	11280
0.204	10432
0.208	11696
0.207	11392
0.214	11792
0.214	11600
0.215	10464
0.211	11984
0.216	12080
0.212	12112
0.212	10912
0.221	10672
0.217	10896
0.221	11888
0.211	11888
0.221	12048
0.220	11872
0.219	10784
0.216	10848
0.218	10736
0.215	11936
0.220	12000
0.222	11808
0.220	11856
0.223	11648
0.224	11904
0.220	10816
0.222	12144
0.214	12048
0.223	11472
0.223	10928
0.221	12304
0.221	11168
0.218	10992
0.228	12096
0.216	11056
0.224	12160
0.225	11648
0.229	12192
0.230	11952
0.223	12048
0.222	11504
0.230	11968
0.230	12336
0.225	10688
0.226	12416
0.223	12320
0.261	12368
0.223	12400
0.229	11968
0.232	12288
0.232	12064
0.223	12384
0.225	11024
0.229	11680
0.235	12432
0.223	10976
0.227	12256
0.225	12128
0.226	12448
0.229	11232
0.224	11136
0.231	12096
0.226	12192
0.225	12064
0.238	11664
0.234	11376
0.235	12000
0.240	11936
0.234	11264
0.233	10848
0.237	12256
0.235	11472
0.240	12192
0.235	11728
0.242	12400
0.232	12464
0.233	12240
0.233	11472
0.239	12448
0.235	11856
0.243	11104
0.240	12192
0.240	11696
0.234	11664
0.241	12640
0.241	10976
0.241	12480
0.241	12096
0.242	12448
0.246	11872
0.239	11120
0.243	12656
0.244	12448
0.240	11552
0.253	12800
0.243	12144
0.248	12272
0.247	11248
0.251	11456
0.242	11696
0.241	11744
0.255	12768
0.252	11600
0.251	12960
0.251	11568
0.250	12496
0.245	12096
0.277	12800
0.258	12720
0.252	11568
0.249	12448
0.245	12560
0.250	12768
0.249	11200
0.248	13120
0.254	12768
0.252	12800
0.257	12944
0.252	12720
0.256	11568
0.250	12896
0.249	11632
0.258	12864
0.260	13088
0.259	12880
0.260	11920
0.258	11504
0.250	11536
0.266	11504
0.254	11568
0.255	11648
0.253	12752
0.267	12320
0.253	11728
0.259	13056
0.258	12752
0.270	13040
0.254	12256
0.258	12928
0.255	11920
0.261	13104
0.268	13104
0.263	12960
0.260	11776
0.262	13008
0.258	12336
0.262	12576
0.254	13152
0.268	13184
0.273	12560
0.270	13120
0.267	11856
0.273	11920
0.270	11904
0.261	13232
0.263	12848
0.261	11696
0.265	12960
0.262	12800
0.261	12160
0.263	13040
0.285	12144
0.268	12864
0.264	13232
0.269	13088
0.265	11936
0.271	12768
0.271	13200
0.276	13312
0.268	13520
0.275	13328
0.268	12976
0.269	12064
0.268	11856
0.278	11936
0.270	11904
0.266	13136
0.268	13472
0.267	13088
0.273	12272
0.276	12016
0.276	12208
0.304	12560
0.276	13584
0.282	13312
0.275	12992
0.277	13248
0.285	13136
0.281	13392
0.271	13424
0.275	11872
0.272	13184
0.273	12880
0.274	13280
0.280	12272
0.277	12000
0.280	13200
0.283	13568
0.272	12048
0.285	13408
0.286	13040
0.276	13152
0.276	12176
0.288	13456
0.281	12496
0.274	12288
0.282	12304
0.276	13328
0.282	13344
0.294	13520
0.286	12144
0.295	13216
0.290	12192
0.291	13312
0.290	12560
0.289	12448
0.293	13584
0.284	12272
0.292	12320
0.292	13008
0.292	12128
0.290	13552
0.290	13040
0.288	12144
0.287	13744
0.287	12304
0.284	13328
0.288	13904
0.295	12320
0.292	13600
0.296	13232
0.294	13696
0.297	13536
0.324	13424
0.293	12960
0.299	13920
0.305	13584
0.296	12512
0.296	12272
0.306	12528
0.307	12256
0.304	12464
0.300	13936
0.304	13792
0.302	13904
0.307	13920
0.302	13824
0.303	13680
0.308	13360
0.304	13872
0.301	13216
0.293	13696
0.295	13984
0.300	12784
0.323	13664
0.307	12496
0.302	12608
0.301	13744
0.308	12464
0.298	13488
0.292	14176
0.303	13744
0.294	13552
0.304	13728
0.294	12608
0.293	12464
0.300	13632
0.300	12464
0.297	13792
0.297	13504
0.304	13968
0.300	14080
0.300	13648
0.301	12784
0.303	14000
0.301	13392
0.309	14112
0.303	13968
0.298	12496
0.302	13936
0.307	12512
0.328	14320
0.312	13792
0.310	13808
0.311	14016
0.317	14112
0.319	13744
0.318	13808
0.311	13648
0.307	12816
0.315	13696
0.318	12832
0.310	13296
0.314	13968
0.320	14032
0.314	12768
0.323	13904
0.319	14128
0.318	12688
0.318	14224
0.312	14144
0.316	13408
0.324	14016
0.321	14176
0.320	13952
0.356	12576
0.321	13056
0.329	14304
0.326	14128
0.325	14128
0.329	14112
0.323	13792
0.317	13408
0.323	14064
0.316	13552
0.315	14128
0.318	14368
0.315	14400
0.325	14288
0.319	14480
0.321	14144
0.317	13920
0.318	13760
0.319	12864
0.325	13728
0.321	13056
0.338	14400
0.320	12784
0.339	14192
0.314	13872
0.313	13696
0.324	14192
0.318	12496
0.323	12576
0.318	13744
0.314	14192
0.323	13168
0.319	13056
0.319	14640
0.321	13872
0.316	12688
0.324	14128
0.322	14416
0.315	13728
0.324	13776
0.322	14192
0.322	13568
0.324	12768
0.324	13344
0.325	13856
0.327	14688
0.323	13712
0.334	13584
0.326	14224
0.323	12976
0.327	13616
0.325	14768
0.321	13088
0.328	13120
0.329	14272
0.325	13920
0.329	14688
0.326	13040
0.324	14368
0.331	14784
0.329	13952
0.327	13712
0.328	13408
0.328	13600
0.331	13792
0.339	13328
0.333	14496
0.325	13088
0.334	13808
0.356	14832
0.337	13552
0.334	14160
0.332	13536
0.330	13392
0.333	13504
0.333	14128
0.327	13104
0.331	14624
0.330	14864
0.336	13680
0.349	14160
0.346	14640
0.349	14784
0.349	13376
0.353	13360
0.338	14432
0.344	14592
0.357	14240
0.358	13408
0.367	14928
0.355	14976
0.349	14256
0.347	14512
0.348	14736
0.356	14864
0.354	13584
0.368	15232
0.350	14384
0.342	14544
0.342	14176
0.351	13344
0.352	14640
0.351	13840
0.362	14736
0.381	15232
0.350	15040
0.361	14960
0.358	14768
0.354	13744
0.360	13968
0.355	14784
0.359	14848
0.355	14656
0.344	13808
0.348	15024
0.351	14800
0.348	13392
0.344	13072
0.347	14304
0.345	14288
0.349	15120
0.352	14048
0.346	14336
0.343	15056
0.354	15120
0.349	13408
0.347	13312
0.351	13872
0.351	13808
0.347	15264
0.352	14784
0.356	14528
0.349	13120
0.349	13488
0.354	15248
0.352	14752
0.353	13920
0.353	13376
0.354	14448
0.348	14368
0.357	14784
0.366	14640
0.395	15328
0.362	15376
0.369	14928
0.370	13792
0.360	13968
0.356	14544
0.359	14448
0.358	14496
0.356	15040
0.373	15056
0.400	15600
0.371	14832
0.375	15056
0.368	15296
0.367	14592
0.367	14016
0.367	14544
0.360	14896
0.367	15152
0.365	15264
0.362	13728
0.362	15104
0.368	15200
0.364	13744
0.364	13520
0.370	15056
0.369	15312
0.363	15408
0.365	14112
0.368	14672
0.371	14944
0.368	14944
0.367	15504
0.371	14880
0.363	14704
0.368	13824
0.367	14720
0.377	15536
0.371	15504
0.367	15168
0.370	15280
0.373	13776
0.370	15664
0.379	13920
0.372	14256
0.388	15504
0.385	14016
0.395	14400
0.389	14240
0.377	15632
0.376	14144
0.380	15504
0.380	15040
0.379	14848
0.381	16016
0.380	15760
0.384	14512
0.379	15232
0.380	14000
0.382	14448
0.375	15392
0.376	14416
0.383	14320
0.400	14480
0.381	15024
0.385	15584
0.376	15584
0.385	15408
0.379	14528
0.383	15840
0.382	15552
0.391	14592
0.405	15824
0.406	16208
0.391	15744
0.402	15792
0.400	15936
0.390	15488
0.407	14304
0.395	15536
0.396	15280
0.388	15824
0.410	15824
0.409	14400
0.427	14832
0.402	15856
0.392	14544
0.388	14480
0.410	15856
0.409	15904
0.432	15744
0.413	16192
0.395	15536
0.398	15664
0.394	15776
0.386	15520
0.390	15376
0.390	15200
0.391	14416
0.403	15408
0.412	14768
0.412	15664
0.427	15152
0.403	14736
0.405	15936
0.413	15952
0.416	16096
0.412	15712
0.415	16016
0.439	15088
0.414	15744
0.411	16096
0.407	15920
0.396	15696
0.407	15840
0.395	15376
0.393	15296
0.396	14320
0.407	14944
0.393	14512
0.393	14928
0.392	14768
0.387	15728
0.395	14464
0.387	15024
0.394	14368
0.394	14848
0.398	15344
0.395	14736
0.390	15088
0.402	15968
0.406	15920
0.416	16320
0.402	15424
0.396	15184
0.408	14784
0.406	14992
0.422	15744
0.422	15376
0.411	14976
0.410	15552
0.428	14864
0.419	15824
0.406	15968
0.403	14832
0.404	16176
0.402	15952
0.408	16032
0.409	15824
0.405	14656
0.399	14496
0.408	15536
0.407	15408
0.403	15536
0.409	15408
0.409	16128
0.403	16336
0.409	14672
0.404	16272
0.435	16336
0.407	14576
0.426	15008
0.421	15360
0.413	16288
0.412	15184
0.415	14896
0.414	16256
0.411	16544
0.418	15680
0.416	16112
0.407	15824
0.418	16304
0.426	14944
0.415	16064
0.426	15488
0.416	16192
0.417	16496
0.415	15264
0.413	15968
0.417	15568
0.410	16416
0.412	16176
0.428	16032
0.430	16368
0.423	15312
0.416	15888
0.412	16880
0.419	15760
0.416	15696
0.422	15408
0.422	16192
0.422	15376
0.429	16736
0.427	16400
0.416	16528
0.436	16272
0.425	15824
0.466	17120
0.447	16192
0.447	16496
0.439	16720
0.442	16912
0.450	16816
0.442	16928
0.430	16320
0.425	16736
0.429	17024
0.452	16928
0.453	16800
0.446	16048
0.439	16896
0.450	15856
0.443	15488
0.448	15520
0.450	16992
0.443	16880
0.436	15584
0.440	15968
0.453	17056
0.440	17120
0.434	16944
0.467	17456
0.456	16800
0.437	17264
0.459	16528
0.450	16416
0.458	16864
0.447	16272
0.431	16464
0.440	17312
0.459	17040
0.466	16880
0.462	16240
0.463	16656
0.442	16720
0.451	16288
0.462	16800
0.451	17488
0.450	16064
0.451	16304
0.487	17536
0.451	15552
0.443	17280
0.438	16480
0.459	16144
0.435	16016
0.429	15664
0.438	16320
0.437	17120
0.441	16336
0.436	15584
0.438	16080
0.437	16128
0.435	16272
0.435	16256
0.440	16752
0.438	16448
0.447	15872
0.446	15856
0.446	17200
0.443	15664
0.437	15888
0.447	16224
0.444	15200
0.447	16784
0.448	15792
0.446	16048
0.443	15712
0.447	16112
0.449	15664
0.444	17360
0.440	16000
0.449	16192
0.455	17504
0.452	16352
0.451	17120
0.451	16304
0.456	17744
0.447	17616
0.444	16288
0.457	17472
0.446	17680
0.445	16128
0.453	16592
0.447	17632
0.457	16496
0.474	18032
0.458	17136
0.477	16928
0.482	17424
0.508	17056
0.482	17600
0.462	16288
0.471	17760
0.465	16400
0.455	17136
0.466	17120
0.476	17504
0.464	17120
0.474	16304
0.488	16592
0.462	16432
0.474	17616
0.475	16992
0.478	16464
0.489	17824
0.469	16704
0.480	17632
0.492	17600
0.465	17328
0.496	17808
0.464	16224
0.465	17776
0.454	16432
0.460	16000
0.458	15712
0.462	17856
0.465	16736
0.458	17392
0.466	17152
0.470	17984
0.471	16656
0.468	17488
0.465	17872
0.465	16896
0.461	17936
0.465	17472
0.463	15920
0.462	18000
0.469	16208
0.467	16736
0.464	17360
0.493	17696
0.497	17504
0.496	18160
0.474	16448
0.473	17680
0.475	17776
0.474	17712
0.491	17872
0.492	18000
0.475	16512
0.487	17152
0.483	17184
0.499	17680
0.510	16256
0.486	17632
0.517	18320
0.506	17296
0.492	17712
0.490	17440
0.501	17728
0.500	17680
0.501	17648
0.530	17696
0.498	17776
0.482	16848
0.491	17776
0.512	17904
0.480	16944
0.472	18192
0.475	16848
0.495	17664
0.491	16944
0.503	17648
0.495	17616
0.485	17776
0.479	17296
0.487	16688
0.489	18272
0.499	18096
0.511	18496
0.514	18720
0.481	16992
0.491	18080
0.479	17024
0.477	18336
0.482	18224
0.507	17008
0.479	16496
0.484	17760
0.483	16960
0.483	17216
0.484	18144
0.476	16896
0.484	16864
0.478	17728
0.480	18032
0.486	18112
0.487	17776
0.487	17248
0.486	16448
0.487	16704
0.486	18224
0.484	18048
0.490	17120
0.487	17216
0.482	18304
0.488	16752
0.486	17152
0.487	17216
0.488	18320
0.493	18224
0.488	17200
0.490	17008
0.493	18288
0.488	16816
0.490	18208
0.493	18224
0.490	18576
0.491	16320
0.492	18448
0.491	16592
0.491	17328
0.492	17472
0.497	18144
0.492	17392
0.493	17280
0.492	16304
0.493	16768
0.494	17328
0.496	18112
0.499	18784
0.497	17360
0.494	17008
0.500	18432
0.497	18848
0.496	18544
0.497	16816
0.520	16528
0.496	16656
0.497	17296
0.510	17280
0.507	17936
0.498	16864
0.503	16384
0.503	18592
0.501	18768
0.500	17472
0.502	18288
0.498	16928
0.499	17360
0.499	18128
0.498	17408
0.497	17056
0.500	17520
0.497	18704
0.499	17104
0.497	18208
0.504	18800
0.498	17456
0.500	16992
0.502	17536
0.503	18432
0.501	17584
0.504	17584
0.502	16992
0.503	16544
0.508	18704
0.507	18560
0.507	16608
0.508	17600
0.509	18336
0.511	18752
0.510	17536
0.510	17008
0.510	17584
0.509	16544
0.511	17680
0.502	18448
0.511	18416
0.512	17728
0.511	18176
0.510	16640
0.513	17728
0.515	18896
0.512	18304
0.516	19168
0.510	16832
0.533	18576
0.512	17184
0.515	17728
0.512	17696
0.514	17232
0.517	18960
0.514	17392
0.510	18784
0.516	18640
0.518	18592
0.517	17776
0.524	17712
0.518	18592
0.513	18464
0.514	18496
0.520	17408
0.512	17184
0.514	17104
0.522	17888
0.527	17792
0.514	18944
0.527	19232
0.522	18688
0.526	19168
0.528	18592
0.522	17392
0.515	18832
0.523	18608
0.517	18896
0.526	17888
0.516	18720
0.520	18048
0.528	19216
0.526	17856
0.528	17728
0.525	18992
0.521	18592
0.528	19344
0.527	19392
0.530	19216
0.526	17456
0.522	18944
0.529	18048
0.532	17808
0.524	16992
0.527	17888
0.530	19344
0.534	18704
0.529	18848
0.555	18560
0.529	18000
0.531	18864
0.532	18160
0.533	18160
0.535	17840
0.531	18416
0.533	18736
0.531	19312
0.533	18064
0.533	19456
0.533	18816
0.532	19104
0.538	19088
0.530	18672
0.533	18048
0.529	19152
0.530	19344
0.529	18032
0.540	19536
0.537	18288
0.540	18208
0.539	17952
0.540	17744
0.539	19024
0.536	17680
0.538	17856
0.536	19536
0.538	18288
0.539	18176
0.541	18160
0.540	18272
0.545	19552
0.541	17200
0.537	18368
0.545	18176
0.543	18464
0.543	19472
0.542	19264
0.541	19344
0.548	19408
0.539	17920
0.542	17744
0.543	17872
0.546	19696
0.540	18976
0.548	17472
0.543	18128
0.547	19664
0.546	19584
0.551	19168
0.566	18080
0.546	17936
0.558	19568
0.547	17328
0.548	17904
0.546	17936
0.542	19600
0.550	19760
0.547	19040
0.546	19200
0.550	19712
0.550	19296
0.552	18464
0.552	19568
0.557	18464
0.550	19744
0.545	19776
0.556	18608
0.552	17824
0.552	19504
0.553	19056
0.552	18096
0.550	19840
0.554	18112
0.555	18528
0.563	18512
0.558	18064
0.558	18352
0.557	18784
0.556	18672
0.556	19856
0.556	19904
0.557	19072
0.550	18352
0.558	18160
0.565	18016
0.550	18096
0.560	19312
0.558	18240
0.567	20096
0.551	18192
0.560	18080
0.558	19920
0.563	19872
0.565	18352
0.559	18208
0.562	18608
0.555	19744
0.561	19728
0.562	19424
0.577	17664
0.568	19856
0.569	18768
0.570	18880
0.565	18560
0.562	18240
0.568	18672
0.570	20128
0.566	19792
0.564	19616
0.567	20080
0.561	17760
0.572	19328
0.562	18112
0.568	20016
0.561	19424
0.561	19376
0.562	19520
0.571	18576
0.568	18416
0.569	18368
0.572	19936
0.568	18912
0.569	17840
0.574	18384
0.565	19376
0.575	19920
0.570	20112
0.571	18432
0.576	19280
0.602	19632
0.615	18624
0.614	19744
0.597	20208
0.605	19920
0.602	20160
0.598	20224
0.592	19488
0.572	18784
0.577	19648
0.573	20272
0.574	19904
0.573	18816
0.575	20240
0.573	19008
0.575	19632
0.578	19744
0.607	19664
0.579	19872
0.583	20336
0.583	19472
0.581	20336
0.581	19840
0.585	19936
0.585	20080
0.602	18848
0.583	20288
0.583	20032
0.585	20128
0.595	20352
0.586	19920
0.587	20128
0.587	19056
0.594	20512
0.586	20256
0.586	18992
0.592	19024
0.593	20016
0.591	20288
0.589	20080
0.589	19344
0.597	20736
0.596	19280
0.590	19792
0.588	20112
0.590	19920
0.594	19984
0.592	19296
0.597	20368
0.591	20432
0.591	20432
0.592	19968
0.595	18992
0.594	19760
0.599	20400
0.594	20096
0.594	20528
0.598	20032
0.601	20320
0.600	20032
0.595	19264
0.595	20528
0.594	19696
0.599	20352
0.603	20832
0.597	20096
0.598	20624
0.616	20848
0.597	20592
0.599	19952
0.611	19792
0.601	20368
0.599	20208
0.598	19648
0.601	20544
0.610	19280
0.601	19360
0.602	19216
0.603	20288
0.602	19408
0.597	19376
0.602	19872
0.606	20544
0.606	20592
0.603	19712
0.601	20720
0.602	19712
0.607	21056
0.605	19632
0.605	19536
0.604	19632
0.602	19360
0.608	20240
0.608	20592
0.608	19968
0.604	20592
0.601	20016
0.606	20432
0.616	20608
0.606	19488
0.610	20608
0.612	19600
0.611	20112
0.610	19472
0.608	19984
0.610	20528
0.615	19760
0.613	20752
0.614	20160
0.615	20512
0.611	20048
0.613	20176
0.613	20720
0.611	20336
0.611	19296
0.614	20144
0.619	19584
0.639	19760
0.613	20864
0.612	20832
0.615	20352
0.621	21264
0.617	20736
0.618	20768
0.623	19648
0.618	20768
0.616	20304
0.617	21056
0.620	20656
0.618	19856
0.617	19920
0.614	20112
0.630	21120
0.623	20352
0.619	20768
0.618	20528
0.616	20592
0.625	20864
0.624	20512
0.622	20928
0.630	20960
0.627	20096
0.619	20912
0.635	21120
0.621	19776
0.625	19504
0.625	20576
0.623	21264
0.628	21184
0.627	20864
0.626	20912
0.627	20480
0.624	20496
0.626	21168
0.640	20768
0.626	20768
0.628	19856
0.631	20800
0.629	19776
0.628	20704
0.627	19968
0.629	20560
0.630	20192
0.630	20752
0.633	21312
0.640	21296
0.632	20928
0.649	21136
0.633	20640
0.643	19760
0.633	20544
0.629	19760
0.639	21360
0.632	20032
0.631	21200
0.633	19424
0.633	21280
0.635	20912
0.631	19344
0.632	21136
0.644	21008
0.635	19760
0.639	20944
0.637	21456
0.640	21056
0.636	20224
0.627	21232
0.643	21136
0.645	20800
0.638	20640
0.637	21200
0.645	21104
0.647	21136
0.639	20384
0.641	20720
0.646	21120
0.642	21568
0.640	20016
0.641	20208
0.643	20912
0.639	20176
0.644	20048
0.635	20976
0.640	20016
0.637	21600
0.635	21488
0.638	19664
0.635	20736
0.641	21552
0.637	21424
0.637	21312
0.644	20944
0.638	20448
0.648	20976
0.641	21344
0.644	20576
0.649	21056
0.667	21360
0.659	21008
0.654	21952
0.652	21440
0.654	20432
0.654	20224
0.650	21440
0.655	21600
0.649	21248
0.657	20448
0.651	20224
0.652	21232
0.652	20704
0.648	21680
0.660	20864
0.647	20656
0.652	21440
0.657	21136
0.656	21792
0.656	21632
0.655	21168
0.655	21568
0.664	21728
0.667	21616
0.654	21248
0.655	21312
0.658	20640
0.655	21760
0.656	21552
0.657	20592
0.655	20384
0.660	20848
0.662	21152
0.659	21424
0.657	21936
0.660	20576
0.664	21600
0.658	20496
0.659	20704
0.662	20832
0.667	21600
0.662	20736
0.662	21760
0.667	21792
0.671	22064
0.662	21104
0.675	20224
0.663	21456
0.667	21344
0.663	20672
0.688	21424
0.664	21488
0.665	21152
0.666	21904
0.671	21856
0.667	20592
0.669	21200
0.668	21008
0.664	21248
0.667	22128
0.669	21808
0.666	20864
0.679	22112
0.668	20240
0.667	20624
0.669	22048
0.669	21728
0.671	20512
0.667	21184
0.675	21984
0.671	21104
0.675	21216
0.671	22256
0.671	21888
0.672	21648
0.676	22416
0.671	21872
0.677	22032
0.675	21696
0.670	21088
0.680	21424
0.676	21920
0.675	21312
0.678	22048
0.681	21888
0.688	21168
0.677	21952
0.674	22192
0.676	22240
0.677	21168
0.680	21920
0.669	21152
0.678	21792
0.678	20544
0.680	21184
0.682	21312
0.677	20896
0.680	22272
0.679	22080
0.685	20832
0.705	21008
0.680	21040
0.679	22208
0.683	21168
0.679	22416
0.688	20976
0.687	20944
0.679	21936
0.681	21888
0.682	20864
0.686	22112
0.693	22096
0.685	22160
0.687	22384
0.687	20784
0.685	21776
0.688	21344
0.686	21776
0.684	22512
0.686	21504
0.692	22240
0.682	21232
0.694	22576
0.692	20784
0.691	21984
0.691	21344
0.688	21152
0.692	22304
0.690	21600
0.693	21920
0.688	21472
0.691	22448
0.690	22416
0.692	22448
0.690	22000
0.701	21952
0.691	21248
0.690	21968
0.695	22480
0.692	21840
0.694	22288
0.697	22320
0.695	22432
0.696	22240
0.698	20848
0.697	21072
0.694	21136
0.693	21424
0.696	22112
0.696	21264
0.713	22800
0.699	21440
0.695	20832
0.698	22560
0.699	21328
0.703	22208
0.699	21984
0.704	21488
0.703	22384
0.702	22768
0.697	22416
0.707	22832
0.697	21808
0.700	22592
0.698	22464
0.710	22544
0.695	22160
0.697	22656
0.701	22032
0.695	21744
0.698	21952
0.699	21312
0.697	21360
0.704	22624
0.706	22192
0.712	22832
0.710	22448
0.710	21664
0.707	22864
0.709	21376
0.707	21056
0.713	22672
0.708	21936
0.707	22544
0.711	21744
0.715	22992
0.709	22624
0.706	22464
0.711	22144
0.712	22608
0.708	22336
0.712	21872
0.713	22128
0.713	22672
0.716	21632
0.717	21776
0.715	23072
0.711	22192
0.713	22368
0.714	22784
0.734	23168
0.712	21152
0.720	22336
0.712	21504
0.727	22784
0.712	22192
0.712	22960
0.716	22704
0.717	21424
0.719	23088
0.720	22816
0.714	22336
0.716	22304
0.715	21680
0.726	23232
0.716	21872
0.723	22960
0.716	21632
0.718	22944
0.722	22592
0.717	21328
0.724	22320
0.722	22864
0.729	22912
0.725	22928
0.722	22576
0.719	22928
0.725	23280
0.721	22944
0.722	22368
0.725	22080
0.730	22960
0.730	21696
0.730	23392
0.733	22720
0.729	22800
0.726	23328
0.727	23360
0.725	22800
0.728	22384
0.726	23104
0.729	23152
0.734	23280
0.732	21984
0.729	22672
0.729	21872
0.726	23072
0.732	22304
0.731	22688
0.748	23168
0.731	21856
0.727	21744
0.745	23088
0.742	22624
0.738	23008
0.730	23072
0.732	22576
0.743	23248
0.734	23232
0.738	23184
0.733	23120
0.740	21984
0.730	23168
0.738	23008
0.736	22816
0.733	22032
0.733	23328
0.740	22800
0.728	23008
0.737	23184
0.743	22816
0.745	23520
0.738	23152
0.736	21888
0.750	22976
0.737	23248
0.742	23248
0.737	23536
0.744	22416
0.736	22480
0.745	22400
0.753	23344
0.743	23344
0.741	22928
0.740	23056
0.740	23120
0.749	23280
0.736	22896
0.755	22672
0.759	23712
0.740	23584
0.745	23328
0.752	23088
0.747	22576
0.739	23424
0.749	22288
0.746	22832
0.746	23456
0.756	23728
0.773	23616
0.748	23216
0.762	23408
0.740	22896
0.745	22064
0.745	23008
0.749	23040
0.755	23440
0.754	22816
0.753	21952
0.754	23360
0.754	22624
0.753	23136
0.751	23712
0.750	22432
0.743	23536
0.755	23408
0.748	22768
0.755	23344
0.749	22368
0.759	22336
0.751	21872
0.763	23488
0.754	23456
0.789	24064
0.800	24112
0.775	22656
0.765	23360
0.754	23360
0.757	23616
0.761	23488
0.758	22576
0.750	22688
0.753	23600
0.779	23104
0.774	23248
0.775	22624
0.758	22288
0.776	23280
0.780	23744
0.790	22736
0.768	23200
0.787	22928
0.771	23920
0.766	23536
0.759	23184
0.777	24464
0.784	24416
0.771	22960
0.764	24624
0.792	23680
0.768	23136
0.768	24608
0.775	24848
0.774	24336
0.766	23168
0.766	23328
0.762	23296
0.775	23168
0.766	23440
0.764	23616
0.772	23504
0.768	24576
0.772	23552
0.767	24256
0.770	24368
0.772	23664
0.771	23392
0.780	24768
0.767	23552
0.777	24352
0.772	24256
0.767	23264
0.772	24832
0.775	23120
0.776	24864
0.769	23504
0.784	23760
0.781	24752
0.774	23520
0.786	24784
0.770	23728
0.781	24560
0.772	24944
0.775	23648
0.780	25040
0.794	25280
0.793	24992
0.785	23456
0.790	24592
0.787	24272
0.786	23648
0.783	23328
0.788	23776
0.779	23440
0.811	25232
0.791	24928
0.774	24656
0.787	25024
0.778	23168
0.802	24848
0.784	24400
0.778	23472
0.780	24592
0.785	24976
0.822	24432
0.818	23840
0.813	23920
0.799	23856
0.798	23344
0.797	24560
0.788	23856
0.791	25152
0.792	24736
0.788	25168
0.789	24624
0.791	24064
0.791	23632
0.805	24880
0.803	24032
0.806	25296
0.800	23328
0.795	24976
0.799	25264
0.799	24816
0.809	24016
0.791	23920
0.791	24816
0.801	24880
0.816	25424
0.796	24720
0.802	23680
0.800	24320
0.799	25360
0.800	25504
0.800	24768
0.801	23776
0.809	24112
0.807	25664
0.814	24000
0.846	25376
0.833	24480
0.818	24944
0.828	24320
0.807	23824
0.820	25456
0.834	25552
0.810	25568
0.814	24240
0.816	23872
0.823	25008
0.816	25472
0.804	24656
0.840	25520
0.826	23808
0.818	24512
0.825	24832
0.823	23936
0.821	24560
0.816	25632
0.822	23712
0.831	25632
0.833	24816
0.810	25024
0.822	24272
0.828	24512
0.809	25520
0.815	24832
0.825	23920
0.816	23936
0.819	25296
0.818	24048
0.829	24832
0.818	24592
0.821	24880
0.833	24288
0.818	25424
0.841	26016
0.803	25056
0.803	23920
0.821	24288
0.797	24864
0.803	25648
0.798	25696
0.801	24256
0.824	24576
0.817	24032
0.833	25520
0.820	24192
0.812	25648
0.813	25328
0.837	25616
0.849	24672
0.857	25856
0.844	25472
0.826	25056
0.816	24176
0.820	24384
0.837	25696
0.827	25104
0.848	24800
0.843	25856
0.858	25968
0.844	24608
0.822	24480
0.834	24624
0.821	24400
0.811	24384
0.823	25792
0.837	26096
0.851	25776
0.859	25216
0.846	25808
0.851	25504
0.822	24976
0.849	24624
0.864	25200
0.848	25248
0.866	24752
0.839	24512
0.834	25296
0.855	25808
0.835	24944
0.836	25488
0.858	25808
0.838	24608
0.839	25872
0.849	25584
0.844	25600
0.837	24320
0.846	24720
0.843	25408
0.846	24720
0.838	25728
0.859	24672
0.833	24736
0.848	24624
0.847	24960
0.846	25776
0.842	25984
0.843	25792
0.832	24640
0.834	24688
0.843	26320
0.832	26176
0.840	25472
0.839	24528
0.835	25008
0.838	25904
0.836	24704
0.857	25584
0.846	25888
0.838	25984
0.836	24928
0.838	25632
0.839	25600
0.843	25024
0.840	26480
0.838	25872
0.843	24672
0.838	26208
0.841	26160
0.850	26208
0.843	25808
0.845	26272
0.845	25152
0.842	24928
0.840	24512
0.851	24800
0.867	25920
0.866	25776
0.862	25968
0.872	26016
0.880	25536
0.868	26224
0.879	25328
0.871	24992
0.867	26384
0.871	25952
0.884	25072
0.888	26128
0.843	25136
0.892	26080
0.851	26096
0.857	26128
0.852	24960
0.880	26272
0.866	25840
0.878	25616
0.886	25888
0.863	25248
0.866	25040
0.856	26480
0.858	26496
0.868	26176
0.856	26896
0.854	24720
0.851	26240
0.853	25568
0.860	25552
0.872	26144
0.858	25920
0.889	26336
0.881	26672
0.848	26032
0.852	26432
0.857	24752
0.854	26240
0.853	26176
0.866	26320
0.846	25152
0.861	26720
0.852	25936
0.856	25824
0.854	25024
0.865	24768
0.852	26336
0.851	24656
0.858	26176
0.853	26576
0.856	26496
0.863	26368
0.867	25152
0.867	26432
0.862	25424
0.866	25488
0.873	26160
0.867	25584
0.862	25968
0.862	25280
0.866	25024
0.870	26656
0.885	25680
0.867	26736
0.879	26864
0.871	25792
0.870	25568
0.870	26288
0.869	26224
0.866	26160
0.865	26640
0.870	26176
0.859	25488
0.871	25616
0.879	25152
0.870	26784
0.867	26240
0.883	26704
0.866	25264
0.864	25424
0.869	24800
0.875	26848
0.878	26528
0.869	26016
0.868	25488
0.881	26512
0.871	25280
0.873	26912
0.871	26576
0.908	26816
0.899	25888
0.942	27584
0.927	25648
0.934	25728
0.921	26832
0.884	26912
0.882	27040
0.904	26224
0.892	26992
0.885	25872
0.884	26848
0.888	26192
0.904	26880
0.895	25504
0.873	25408
0.873	26720
0.888	26144
0.878	26416
0.881	25312
0.874	26512
0.880	27088
0.903	25904
0.897	25248
0.920	25728
0.893	25824
0.900	25808
0.905	25568
0.913	27376
0.886	25280
0.902	25680
0.882	25856
0.887	26448
0.891	27040
0.884	25680
0.889	25984
0.896	26000
0.884	26272
0.897	26944
0.888	25712
0.883	25568
0.889	26224
0.888	25040
0.899	26208
0.882	26288
0.893	26544
0.886	25856
0.889	25632
0.883	26624
0.911	26352
0.891	25728
0.908	27088
0.896	25648
0.891	25616
0.895	26096
0.893	26528
0.888	26016
0.909	26752
0.925	26160
0.918	27392
0.891	25968
0.896	27264
0.882	26064
0.889	27152
0.898	26016
0.888	26144
0.881	26736
0.897	26272
0.896	27216
0.904	26944
0.892	27376
0.887	26176
0.888	25856
0.890	26320
0.911	27312
0.926	26992
0.908	27280
0.915	26192
0.916	27008
0.911	26432
0.908	26032
0.924	27632
0.898	25856
0.918	27216
0.913	27344
0.915	26016
0.898	26608
0.931	26976
0.904	27360
0.909	27312
0.909	27184
0.909	26640
0.920	27456
0.931	26672
0.932	26736
0.904	26896
0.893	27264
0.887	26704
0.887	25744
0.913	27632
0.894	27104
0.895	25872
0.916	27520
0.911	26576
0.906	26160
0.906	26688
0.904	25488
0.909	27392
0.907	27072
0.902	27200
0.906	26528
0.907	27488
0.899	26224
0.914	26496
0.914	27344
0.911	26592
0.922	25600
0.920	27488
0.917	26672
0.906	26112
0.914	26784
0.914	26480
0.913	26624
0.908	27440
0.917	27536
0.911	26928
0.927	27808
0.915	26592
0.946	27456
0.935	27680
0.940	27520
0.937	27072
0.942	26672
0.943	28080
0.913	25648
0.920	26384
0.932	27456
0.941	27360
0.931	27712
0.944	27408
0.937	27440
0.920	26448
0.916	27472
0.920	26176
0.938	27712
0.946	28064
0.943	27376
0.979	28112
0.949	26944
0.959	27584
0.945	27344
0.925	26432
0.917	26656
0.916	27968
0.934	28176
0.922	27552
0.933	26512
0.917	26656
0.923	27008
0.930	26592
0.930	27712
0.946	28000
0.923	26400
0.931	27056
0.926	26384
0.923	26272
0.924	26608
0.932	27520
0.930	27296
0.928	26704
0.936	26832
0.925	26752
0.937	27616
0.928	28032
0.926	27760
0.934	27488
0.943	26944
0.941	27472
0.927	26800
0.959	26752
0.935	27568
0.929	27344
0.931	26384
0.938	28064
0.940	27584
0.936	26720
0.937	26656
0.942	26384
0.935	27984
0.939	27712
0.938	27904
0.940	28448
0.943	27456
0.943	27424
0.938	26560
0.932	27504
0.978	28432
0.937	27632
0.957	27280
0.966	27920
0.943	28160
0.939	27904
0.944	27664
0.943	26496
0.942	27152
0.948	28256
0.938	26864
0.934	27840
0.935	27824
0.942	27568
0.934	27552
0.939	28240
0.940	28288
0.935	27616
0.938	28336
0.939	26592
0.933	28144
0.935	27744
0.938	26464
0.949	27520
0.957	28352
0.937	26800
0.940	27808
0.933	27232
0.928	26960
0.947	27488
0.929	28192
0.931	26896
0.926	26800
0.925	26976
0.922	27136
0.948	27936
0.946	28016
0.948	27760
0.941	27792
0.973	27472
0.958	28304
0.942	28128
0.955	27024
0.956	28352
0.961	27920
0.962	27808
0.978	28752
0.950	27008
0.945	27984
0.952	28528
0.949	26880
0.955	28256
0.985	27552
0.987	28464
0.990	28608
0.978	27088
0.951	28128
0.948	26992
0.944	27952
0.979	27824
0.958	28640
0.954	28032
0.952	27440
0.965	28352
1.003	27552
0.975	26832
0.988	28720
0.980	28352
0.984	27520
1.003	27392
0.956	27552
0.954	27024
0.954	27312
0.965	28976
0.955	28144
0.953	28768
0.959	28080
0.976	28608
0.967	27216
0.961	28208
0.959	28800
0.964	28752
0.959	27312
0.964	28416
0.988	27616
0.959	27472
0.964	28352
0.954	27264
0.963	27936
0.973	27600
0.960	28848
0.955	27360
0.957	27520
0.962	27456
0.970	29184
0.972	28576
0.964	28672
0.990	28400
0.991	27344
0.959	28528
0.954	28688
0.966	29136
0.967	27776
0.992	28576
0.961	28480
0.963	27024
0.965	28752
0.965	28640
0.971	27488
0.965	27488
0.959	27728
0.967	28192
0.975	28608
0.970	27392
0.970	28528
0.980	28816
0.974	27648
0.973	27536
0.993	28784
0.986	28016
0.984	28960
0.997	28736
0.988	29232
0.971	27312
0.971	27920
1.001	28800
0.988	27760
0.982	28624
1.021	29392
1.003	28672
0.976	28688
0.978	29040
0.983	28560
0.976	27840
0.988	27696
0.990	26992
0.982	29008
0.990	28448
0.993	28560
1.024	27584
1.020	28960
1.037	28944
0.978	28048
0.973	29056
0.971	28992
1.021	29584
0.975	27808
0.966	27792
0.976	29024
0.969	27584
0.981	29184
0.967	28336
0.990	27920
0.991	28736
0.964	27824
0.972	28928
0.964	28864
0.972	28736
0.992	28384
0.988	29008
1.022	29040
0.977	27840
0.973	27904
0.979	28192
0.977	29040
0.971	28016
0.969	28368
0.980	28320
1.009	29504
0.996	28288
0.985	28464
0.982	28208
0.974	28272
0.979	29584
0.993	29472
0.976	28880
0.985	28144
0.981	29184
0.979	28976
0.977	27744
0.982	28672
0.998	29968
0.986	29312
0.981	28848
0.977	29296
0.977	28848
0.990	28448
0.994	29136
1.000	28352
0.980	28224
0.979	28112
0.981	28736
0.980	28720
0.987	28624
0.984	29360
0.996	28368
0.980	28208
0.980	28176
0.991	29328
1.006	29152
0.980	29312
0.984	28992
1.000	28496
0.995	28512
1.002	28304
1.011	28736
0.996	28384
0.984	28224
1.001	29584
0.991	28272
1.007	28240
0.999	29648
1.001	28608
1.012	29376
0.997	29552
1.012	29936
1.011	28224
1.006	28720
1.010	29056
1.009	28544
1.005	29120
1.005	28528
1.013	29664
1.013	28416
1.011	28096
1.009	29552
1.009	29056
1.010	28720
1.012	28480
1.008	29920
1.020	28544
1.003	28528
1.013	29680
1.006	28528
1.001	29216
1.003	28624
1.018	29744
1.010	30080
1.012	29328
1.005	28048
1.002	28352
1.006	29328
1.017	29264
1.011	30480
1.015	28640
1.015	29552
1.038	29568
1.027	29536
1.011	29008
1.017	30000
1.011	29280
1.011	29360
1.008	29760
1.023	29664
1.017	29088
1.013	28736
1.017	28544
1.018	28624
1.021	28720
1.017	28976
1.022	29776
1.021	28592
1.018	29104
1.022	29648
1.019	28656
1.018	29008
1.017	29600
1.021	30032
1.026	30144
1.019	30496
1.029	29712
1.017	29744
1.017	29712
1.017	29680
1.023	28880
1.020	30144
1.032	30496
1.026	29920
1.026	29680
1.025	29072
1.027	28624
1.025	28336
1.038	29168
1.025	29328
1.022	30048
1.023	28560
1.025	30144
1.021	30048
1.026	30064
1.037	29936
1.028	29312
1.020	29552
1.026	29408
1.021	30064
1.033	29984
1.029	28976
1.061	29776
1.039	28240
1.028	29408
1.028	30048
1.027	29584
1.030	28976
1.035	30320
1.037	30912
1.032	29344
1.025	28992
1.026	29712
1.031	29600
1.036	30400
1.030	29920
1.036	29904
1.041	29312
1.039	29872
1.030	29136
1.035	30160
1.033	30528
1.044	29840
1.048	28912
1.048	29920
1.033	30576
1.033	29808
1.039	28768
1.042	30112
1.046	30752
1.042	29536
1.039	30272
1.039	29040
1.039	28960
1.043	28880
1.052	29808
1.039	29104
1.043	29616
1.044	29696
1.041	29216
1.044	30080
1.046	29408
1.049	30016
1.032	29232
1.045	28960
1.047	30048
1.054	30240
1.046	30016
1.044	29136
1.051	30896
1.048	29440
1.051	29296
1.053	30864
1.036	29424
1.047	30208
1.052	30464
1.051	30224
1.041	29184
1.044	30352
1.047	29856
1.054	30080
1.052	30416
1.046	30880
1.044	30416
1.053	30400
1.051	28848
1.050	29488
1.042	29328
1.051	29824
1.057	29520
1.054	29888
1.054	30080
1.049	29520
1.050	30672
1.056	30640
1.067	31008
1.047	29360
1.047	29184
1.059	29536
1.064	30384
1.060	30960
1.051	30016
1.061	31120
1.058	30272
1.075	30544
1.062	30208
1.058	29728
1.066	30432
1.079	31296
1.066	29072
1.062	29472
1.066	29776
1.048	29328
1.056	30176
1.059	30000
1.066	31056
1.055	30736
1.055	30496
1.059	29728
1.067	30464
1.055	30384
1.065	31472
1.087	30336
1.074	30688
1.062	29968
1.063	30752
1.061	30400
1.070	30160
1.067	31152
1.068	30336
1.071	30688
1.065	29904
1.064	30960
1.063	29728
1.084	30992
1.064	30944
1.066	29728
1.076	30976
1.082	30080
1.068	30896
1.074	30320
1.061	30208
1.070	29792
1.068	30944
1.064	29760
1.064	29696
1.075	29824
1.085	31360
1.065	31088
1.068	30400
1.081	30144
1.078	31424
1.069	30384
1.074	30736
1.078	30976
1.073	30400
1.077	30128
1.073	30224
1.074	31184
1.073	30672
1.079	30352
1.070	31264
1.072	30128
1.083	30016
1.077	29968
1.087	31104
1.082	30272
1.089	30432
1.077	29712
1.081	30112
1.080	30512
1.100	30512
1.077	30832
1.074	30336
1.084	31184
1.085	30000
1.093	30112
1.076	31456
1.081	31104
1.094	31376
1.076	29536
1.083	31248
1.079	30944
1.083	31184
1.082	29904
1.092	30880
1.080	30144
1.087	30336
1.092	30944
1.112	30912
1.114	30768
1.118	31840
1.105	31264
1.097	30288
1.105	30144
1.096	30320
1.099	31360
1.126	31632
1.095	31344
1.098	30352
1.099	31456
1.103	31344
1.091	30944
1.102	31120
1.125	31568
1.105	31232
1.107	31568
1.098	29888
1.101	31312
1.100	31376
1.115	31328
1.108	31600
1.108	30416
1.106	31056
1.100	30096
1.112	30336
1.117	30880
1.106	30720
1.105	30880
1.097	31616
1.108	30976
1.124	31472
1.106	31488
1.097	30928
1.102	30480
1.092	31072
1.096	30752
1.102	31824
1.105	30576
1.119	31632
1.112	30208
1.112	30784
1.113	31248
1.128	30720
1.114	31344
1.106	30768
1.111	31600
1.110	30304
1.123	30256
1.112	31552
1.116	30992
1.117	32032
1.139	30736
1.118	31312
1.118	30960
1.121	31776
1.118	30496
1.129	32304
1.119	31184
1.121	31824
1.121	30592
1.133	31072
1.120	31408
1.122	31280
1.120	30752
1.126	31504
1.114	30528
1.116	30560
1.123	30864
1.116	31248
1.127	30160
1.111	31184
1.130	31888
1.119	30672
1.130	31808
1.120	31168
1.134	32144
1.122	31680
1.128	31648
1.126	31472
1.125	31296
1.146	31744
1.134	32112
1.129	30416
1.136	30736
1.127	31712
1.132	31920
1.125	31072
1.143	31680
1.127	30736
1.127	31552
1.143	31424
1.139	32080
1.135	31840
1.152	31616
1.135	31248
1.127	30832
1.132	31856
1.126	30736
1.115	30544
1.140	32640
1.133	31232
1.133	30624
1.132	30960
1.142	30368
1.149	32064
1.159	32320
1.131	31216
1.133	31392
1.135	30816
1.137	31440
1.135	30720
1.148	32192
1.144	31872
1.148	31104
1.137	31024
1.133	31600
1.133	31840
1.149	32400
1.143	31824
1.136	31648
1.145	30704
1.139	31696
1.137	30960
1.142	32576
1.154	30752
1.147	31888
1.148	31360
1.142	32288
1.170	32032
1.148	32640
1.161	32880
1.148	31040
1.138	31504
1.140	32304
1.143	32144
1.145	32736
1.141	32176
1.137	32016
1.129	31696
1.140	32000
1.129	31408
1.140	31248
1.135	31088
1.154	30896
1.144	31968
1.171	31744
1.157	30880
1.155	31984
1.146	31872
1.145	31664
1.147	32416
1.145	32112
1.151	31280
1.154	31168
1.153	31120
1.151	32224
1.148	31824
1.159	32144
1.149	31392
1.158	32864
1.143	31104
1.169	31568
1.148	30992
1.157	30896
1.147	31040
1.168	31952
1.149	32064
1.163	32336
1.152	31024
1.154	31680
1.172	32128
1.163	31376
1.155	31920
1.166	31296
1.172	32208
1.161	32320
1.164	32256
1.161	32016
1.163	32560
1.166	32064
1.184	32784
1.161	32096
1.181	32672
1.176	32512
1.162	31520
1.171	32304
1.162	32496
1.163	31040
1.166	32336
1.182	32320
1.160	32112
1.159	31296
1.162	31856
1.157	32480
1.152	32400
1.177	32464
1.164	31792
1.160	32272
1.165	32064
1.161	31808
1.176	32176
1.173	32592
1.162	33040
1.172	32080
1.174	32832
1.165	33024
1.169	32560
1.173	32000
1.162	32208
1.176	32784
1.181	31712
1.170	32704
1.174	32048
1.189	33008
1.172	32656
1.171	32592
1.171	31504
1.180	31616
1.174	31808
1.182	32944
1.172	32832
1.187	33216
1.166	31056
1.169	31696
1.171	31472
1.170	32000
1.165	32576
1.174	31312
1.173	32528
1.180	31936
1.200	33248
1.182	32976
1.176	31760
1.180	33264
1.179	32832
1.184	32656
1.176	33488
1.173	31488
1.196	32928
1.184	32000
1.180	32800
1.162	32256
1.180	32592
1.166	32016
1.170	31664
1.184	31616
1.181	32080
1.180	32400
1.195	33408
1.181	32256
1.177	31440
1.191	33184
1.178	32848
1.208	33040
1.185	33424
1.178	32096
1.181	32192
1.192	32032
1.182	32496
1.188	32544
1.191	33872
1.190	32224
1.190	32992
1.191	33024
1.175	32768
1.212	33152
1.203	32560
1.195	31904
1.183	33264
1.189	32688
1.181	32880
1.206	33088
1.196	32560
1.169	32640
1.187	32784
1.196	33008
1.198	33184
1.197	33328
1.184	32992
1.219	32752
1.190	31712
1.190	32944
1.193	33024
1.191	33872
1.225	33088
1.192	32416
1.200	33392
1.196	33360
1.194	32448
1.198	33728
1.193	32432
1.188	33360
1.184	33152
1.206	33344
1.199	32304
1.195	33424
1.187	31536
1.204	32272
1.196	32368
1.211	33536
1.224	33824
1.200	32880
1.195	32192
1.197	32800
1.188	33280
1.199	32368
1.226	33728
1.207	32848
1.193	32288
1.211	33216
1.205	32752
1.209	31920
1.202	33840
1.211	32736
1.207	33312
1.191	33584
1.196	33360
1.194	32976
1.184	31936
1.186	33280
1.193	32208
1.198	32320
1.189	33008
1.205	32944
1.206	33088
1.222	32736
1.226	33520
1.209	33344
1.216	33824
1.251	34256
1.211	33264
1.217	33184
1.212	32400
1.211	33152
1.236	34064
1.209	32960
1.213	32560
1.214	32496
1.210	32448
1.213	31968
1.229	33216
1.209	31984
1.230	33760
1.208	32736
1.214	32544
1.209	33392
1.229	33808
1.213	32400
1.209	32784
1.210	33360
1.215	32272
1.211	32528
1.225	34208
1.225	33488
1.218	33648
1.224	33808
1.232	32992
1.223	33136
1.209	33440
1.231	32128
1.231	33168
1.219	32224
1.221	33440
1.237	34112
1.234	33728
1.224	32752
1.218	32448
1.222	32416
1.229	33344
1.218	32976
1.241	33424
1.237	34016
1.224	32448
1.233	33536
1.242	34512
1.230	33232
1.211	33088
1.211	33264
1.207	33696
1.228	34016
1.217	33168
1.225	33744
1.231	33728
1.223	33792
1.230	33856
1.211	33120
1.220	33648
1.212	32512
1.212	34192
1.208	33648
1.219	34000
1.242	33392
1.239	32240
1.241	32528
1.237	33792
1.236	33824
1.237	33216
1.236	34384
1.238	34192
1.239	34048
1.220	33984
1.225	34304
1.232	34240
1.235	33984
1.230	33152
1.234	32736
1.225	33248
1.248	32976
1.251	34416
1.248	33616
1.231	32784
1.247	33200
1.240	33920
1.220	32704
1.232	32896
1.221	33056
1.225	34400
1.221	33552
1.219	34112
1.241	33552
1.233	33888
1.221	34128
1.220	34000
1.226	33408
1.242	32736
1.250	34688
1.231	34288
1.271	34064
1.233	33376
1.245	33920
1.232	33760
1.236	33232
1.231	33360
1.236	32864
1.240	34160
1.240	33232
1.239	34512
1.239	33536
1.225	34000
1.242	33632
1.228	33216
1.244	34416
1.231	33088
1.234	33712
1.241	34112
1.230	33232
1.229	33824
1.264	33664
1.237	32912
1.237	33744
1.234	33552
1.235	34016
1.230	33584
1.244	33824
1.244	34320
1.243	33456
1.264	34176
1.269	33024
1.264	34208
1.238	32944
1.237	33088
1.243	34640
1.237	33072
1.236	33648
1.250	34704
1.244	33600
1.245	34784
1.244	33984
1.243	33968
1.244	33520
1.252	33680
1.241	33280
1.257	33168
1.254	33776
1.253	34272
1.256	33888
1.252	34304
1.245	34400
1.270	34768
1.248	33600
1.275	33728
1.251	34496
1.243	33248
1.256	34672
1.252	33568
1.255	33776
1.252	35104
1.245	33648
1.245	34432
1.246	33312
1.244	33232
1.248	35328
1.248	34512
1.240	33424
1.253	33376
1.245	34608
1.250	34336
1.278	35456
1.244	34880
1.250	34192
1.250	33232
1.269	34784
1.259	34576
1.245	33808
1.256	34368
1.244	35008
1.259	33296
1.253	34000
1.273	34384
1.254	33168
1.248	33888
1.258	33872
1.259	34432
1.254	33712
1.256	33344
1.260	34224
1.260	33552
1.265	34688
1.258	33648
1.283	35200
1.273	33280
1.257	33792
1.258	35168
1.259	33776
1.263	34128
1.255	34592
1.257	34768
1.255	33408
1.281	33824
1.264	33680
1.281	35728
1.268	33792
1.289	35200
1.281	34832
1.260	33728
1.262	34256
1.272	33888
1.257	33648
1.256	34336
1.272	35008
1.286	34752
1.279	35248
1.290	34304
1.297	34416
1.271	34640
1.271	35104
1.287	34752
1.300	34736
1.270	35120
1.272	34288
1.270	33856
1.269	35360
1.263	34544
1.264	34640
1.267	35152
1.265	34864
1.261	35280
1.284	35616
1.273	33616
1.271	34896
1.266	34944
1.280	33952
1.280	35104
1.280	33936
1.275	33984
1.267	35296
1.292	34864
1.289	34048
1.272	35136
1.282	33968
1.273	34368
1.274	34736
1.268	34928
1.276	34288
1.270	35216
1.283	34272
1.273	34304
1.284	34672
1.300	35600
1.281	35024
1.274	35216
1.276	34288
1.279	33840
1.283	34272
1.297	34544
1.278	35136
1.283	34992
1.278	33808
1.273	35488
1.286	35168
1.283	34784
1.296	35104
1.287	35280
1.287	34928
1.281	34432
1.282	34576
1.281	34512
1.283	34880
1.287	34976
1.289	34896
1.304	35264
1.280	34080
1.307	35424
1.291	34256
1.275	34864
1.291	35536
1.299	34544
1.285	35600
1.300	34848
1.289	35136
1.294	34976
1.278	35328
1.278	35392
1.282	34672
1.288	34928
1.292	35136
1.313	36000
1.286	35232
1.291	35600
1.280	35648
1.289	35280
1.289	34800
1.294	35856
1.290	34096
1.286	34048
1.290	34288
1.288	33952
1.316	35456
1.307	35696
1.299	35520
1.294	35904
1.289	34944
1.309	35904
1.308	34480
1.298	35856
1.295	34656
1.291	34672
1.302	34272
1.303	35552
1.292	34688
1.299	35440
1.291	35088
1.301	35248
1.318	36352
1.298	34128
1.301	34192
1.295	34240
1.310	34960
1.317	36384
1.297	35664
1.299	35760
1.300	34560
1.334	34912
1.328	35584
1.300	35216
1.305	34864
1.319	35824
1.304	35968
1.310	35328
1.314	36192
1.324	34656
1.318	34560
1.307	34448
1.321	35216
1.334	36496
1.315	35424
1.312	35792
1.309	34864
1.352	35424
1.339	36272
1.301	35056
1.308	35600
1.315	34640
1.311	34848
1.312	36496
1.313	35456
1.333	35104
1.332	35952
1.310	34992
1.316	36272
1.330	36208
1.311	34432
1.319	34752
1.325	35696
1.339	35408
1.327	36448
1.332	34704
1.327	34992
1.309	34864
1.310	34608
1.342	36048
1.325	36272
1.315	35424
1.303	35008
1.321	35952
1.317	35232
1.318	35360
1.316	35184
1.312	34960
1.307	36192
1.330	35936
1.354	36464
1.319	35888
1.319	35008
1.333	35776
1.326	35312
1.328	36528
1.320	35952
1.337	36032
1.342	35264
1.341	35808
1.337	36880
1.369	36000
1.348	35408
1.336	34800
1.366	36128
1.378	36128
1.336	34544
1.322	36048
1.322	35456
1.332	36096
1.327	36544
1.328	36240
1.357	35920
1.339	35952
1.345	35360
1.363	36640
1.354	34624
1.367	35904
1.343	36656
1.345	35120
1.354	35344
1.350	35136
1.338	35600
1.343	35552
1.337	35120
1.321	34944
1.330	35408
1.364	35664
1.324	36352
1.335	35744
1.341	35024
1.362	36832
1.328	36496
1.354	36192
1.339	36240
1.339	35152
1.330	37056
1.330	35568
1.349	36336
1.326	36352
1.337	36544
1.344	36320
1.360	35920
1.334	35824
1.347	34800
1.331	35600
1.348	35728
1.332	36112
1.333	35104
1.349	35680
1.349	36272
1.340	36064
1.346	35088
1.351	35328
1.351	35136
1.325	36432
1.342	35584
1.360	37168
1.328	36480
1.340	36272
1.358	35504
1.348	36832
1.347	37040
1.340	35072
1.354	36352
1.347	35280
1.337	36016
1.344	36800
1.343	36000
1.349	36048
1.355	35552
1.344	35504
1.376	37328
1.347	36704
1.347	35664
1.347	35536
1.345	36496
1.359	36320
1.405	36144
1.365	36320
1.344	36624
1.353	36672
1.367	36880
1.370	35600
1.351	36816
1.347	36752
1.354	36544
1.367	36672
1.347	35456
1.342	36960
1.376	36704
1.363	35616
1.356	36400
1.345	36304
1.400	37248
1.356	36896
1.357	35408
1.361	37232
1.365	36672
1.352	36336
1.355	36512
1.369	36560
1.365	36576
1.350	36016
1.346	35776
1.377	36144
1.370	35664
1.351	36208
1.386	37408
1.366	35584
1.363	36784
1.353	36608
1.384	36656
1.365	37312
1.359	36800
1.356	35952
1.411	36832
1.372	36352
1.364	35760
1.371	37184
1.376	35920
1.362	36352
1.367	37856
1.376	36096
1.371	36288
1.362	35584
1.363	36896
1.378	36416
1.386	37280
1.364	37360
1.366	35904
1.371	36112
1.382	36560
1.363	36192
1.387	36448
1.367	35696
1.369	35984
1.369	36560
1.392	35824
1.358	36752
1.369	36640
1.368	35536
1.376	36080
1.363	36816
1.368	36880
1.386	36592
1.376	36960
1.361	35600
1.367	35568
1.388	36048
1.371	36592
1.365	37392
1.378	36336
1.377	37392
1.365	36896
1.361	36864
1.384	36160
1.374	37616
1.373	37360
1.381	36512
1.380	36400
1.374	37376
1.397	37616
1.382	38016
1.370	36304
1.376	36496
1.374	37056
1.395	37024
1.383	36336
1.375	37376
1.391	36704
1.392	36032
1.431	37520
1.372	35776
1.397	36688
1.382	36288
1.382	36032
1.390	37536
1.420	36848
1.378	37472
1.390	37360
1.388	36656
1.411	37392
1.386	36608
1.383	36544
1.410	36464
1.378	36368
1.403	37104
1.392	36752
1.392	37440
1.385	36032
1.376	37504
1.401	37824
1.386	36624
1.387	36064
1.403	37824
1.437	37792
1.395	37840
1.381	35968
1.396	36416
1.389	37488
1.377	36352
1.388	37792
1.401	36992
1.391	36064
1.385	36112
1.391	36912
1.393	36272
1.391	36496
1.391	37072
1.413	37040
1.396	37328
1.384	36720
1.406	37328
1.407	36304
1.390	36592
1.398	37520
1.408	36960
1.393	36496
1.393	36576
1.390	37696
1.422	37328
1.399	37536
1.392	36656
1.398	37520
1.402	37856
1.412	38224
1.397	36512
1.429	37168
1.461	37520
1.393	37904
1.403	37920
1.396	36320
1.395	36256
1.405	37792
1.425	37456
1.402	38032
1.392	37344
1.403	36672
1.419	36608
1.412	37984
1.399	36912
1.412	37984
1.432	37664
1.406	37248
1.404	37536
1.419	37808
