0.248	17312
0.242	14976
0.243	15168
0.243	17552
0.243	16960
0.242	17776
0.247	15200
0.247	17552
0.247	15168
0.248	15168
0.249	14624
0.250	14640
0.250	17664
0.251	14832
0.253	17776
0.254	17792
0.253	14928
0.254	15360
0.256	17888
0.255	17904
0.257	15504
0.258	15472
0.261	17984
0.259	15568
0.258	15632
0.259	16944
0.260	14992
0.261	17872
0.260	17952
0.262	18032
0.261	17776
0.263	14896
0.258	15152
0.265	17168
0.265	17984
0.296	18528
0.267	17952
0.268	16960
0.273	16400
0.268	18208
0.270	18384
0.273	15728
0.271	15312
0.270	15296
0.272	15664
0.272	17152
0.273	18256
0.275	18448
0.276	16480
0.276	18096
0.275	16576
0.276	18544
0.276	15600
0.280	17984
0.279	16112
0.279	18208
0.280	15792
0.276	15712
0.276	18160
0.284	15904
0.282	15696
0.282	15280
0.286	15504
0.284	16032
0.284	16192
0.285	15840
0.285	18640
0.287	16224
0.287	16160
0.288	18496
0.290	18208
0.291	15456
0.288	17536
0.290	18448
0.290	16176
0.292	18688
0.295	18896
0.295	17168
0.293	18560
0.295	18656
0.292	15952
0.293	16272
0.290	18688
0.297	16272
0.297	18576
0.299	16160
0.299	15520
0.298	18576
0.299	16144
0.299	16128
0.299	18544
0.300	16128
0.300	16128
0.305	16448
0.304	17616
0.304	18688
0.303	18672
0.332	15664
0.305	19296
0.306	16128
0.315	16960
0.314	18512
0.311	18672
0.313	19088
0.312	16416
0.307	18976
0.315	18848
0.314	18704
0.314	16512
0.320	19120
0.319	19104
0.314	19104
0.319	16336
0.316	18800
0.314	17296
0.318	19104
0.323	19376
0.319	19088
0.322	19376
0.320	18976
0.323	16512
0.324	17504
0.324	19344
0.325	18496
0.322	16768
0.328	19008
0.320	19424
0.323	17744
0.319	19136
0.319	16832
0.325	16176
0.320	17536
0.319	16480
0.324	16752
0.325	19328
0.325	19200
0.324	18224
0.325	19200
0.324	16752
0.323	19456
0.326	16784
0.324	19168
0.326	19120
0.326	19120
0.328	19728
0.337	16400
0.335	17248
0.338	19504
0.336	19584
0.369	19600
0.336	16720
0.336	19232
0.335	19456
0.336	16528
0.337	16688
0.339	19488
0.340	19792
0.339	19008
0.341	19776
0.349	19664
0.350	18400
0.345	18864
0.354	19296
0.356	19696
0.352	19424
0.349	18688
0.356	18848
0.371	19344
0.343	16864
0.348	17040
0.349	16912
0.349	17184
0.350	19440
0.350	19472
0.354	16432
0.350	17296
0.352	19712
0.352	18656
0.353	19456
0.354	19744
0.354	19952
0.356	19824
0.362	19936
0.368	17472
0.362	17504
0.368	19616
0.393	20384
0.368	19040
0.364	19808
0.370	20432
0.367	17488
0.362	17856
0.361	19552
0.362	16624
0.363	19712
0.361	19584
0.364	19728
0.367	17248
0.366	18800
0.365	19888
0.365	18608
0.370	19968
0.377	19168
0.380	18720
0.375	17472
0.373	17264
0.374	20368
0.373	20112
0.373	17584
0.376	17408
0.378	17456
0.376	19952
0.381	19024
0.386	20016
0.383	20352
0.384	20224
0.382	20304
0.380	19584
0.384	19056
0.384	17424
0.410	18192
0.391	20208
0.387	17968
0.381	17744
0.379	17520
0.375	20304
0.383	18080
0.395	20224
0.392	18704
0.393	20352
0.395	20432
0.388	19952
0.396	20256
0.394	20256
0.390	18048
0.399	19696
0.393	20240
0.395	17952
0.399	20512
0.400	17840
0.403	20592
0.395	20480
0.395	20176
0.399	20496
0.399	20096
0.400	20240
0.405	19488
0.404	20656
0.402	20528
0.395	18128
0.435	18368
0.408	20320
0.403	18112
0.398	20560
0.400	18288
0.406	18272
0.401	20432
0.401	20512
0.416	18592
0.413	20848
0.407	20400
0.405	18176
0.412	20592
0.417	18432
0.410	20768
0.413	18176
0.408	20592
0.410	17760
0.407	18976
0.410	20576
0.416	19456
0.413	21104
0.414	20784
0.414	20704
0.412	17872
0.410	20608
0.414	20976
0.417	18192
0.420	17904
0.413	21024
0.413	18688
0.427	20448
0.431	18768
0.414	17952
0.441	19472
0.418	21392
0.416	18272
0.415	18624
0.416	20752
0.419	20928
0.418	19584
0.419	20112
0.420	18752
0.422	18240
0.420	21040
0.421	19488
0.425	20976
0.422	18544
0.422	18304
0.425	20608
0.425	20896
0.423	18944
0.426	18544
0.425	20208
0.426	18496
0.428	20176
0.427	18992
0.428	20160
0.433	20048
0.429	17600
0.426	18736
0.429	18928
0.431	18064
0.432	18800
0.433	21120
0.433	20944
0.443	21360
0.436	21632
0.434	19760
0.437	18384
0.438	21008
0.437	18544
0.436	21344
0.438	18960
0.438	21008
0.439	21072
0.438	20016
0.444	20272
0.440	19504
0.443	21408
0.466	21312
0.447	21760
0.444	18656
0.442	19152
0.447	21072
0.444	19072
0.446	21360
0.445	19984
0.446	19280
0.447	18976
0.450	18752
0.448	21104
0.447	18672
0.449	21184
0.449	18752
0.450	19168
0.449	20800
0.455	22160
0.452	21344
0.453	21648
0.455	21136
0.453	18224
0.461	21952
0.457	19168
0.456	21392
0.455	20496
0.456	21184
0.455	20048
0.456	21632
0.457	19056
0.459	21584
0.461	21120
0.462	19504
0.463	19568
0.464	20480
0.464	21920
0.466	20848
0.463	19568
0.463	21744
0.465	21392
0.464	21696
0.477	20912
0.483	21184
0.476	19360
0.517	19776
0.490	19328
0.489	19200
0.486	19168
0.483	20752
0.474	18800
0.477	22272
0.488	19456
0.491	19392
0.488	20720
0.478	19552
0.475	21664
0.487	20704
0.474	21600
0.485	22080
0.484	22048
0.485	21744
0.479	19328
0.485	21904
0.497	20304
0.484	21200
0.490	19888
0.483	19056
0.481	22240
0.490	20880
0.486	19408
0.487	22160
0.484	21296
0.485	20928
0.495	22112
0.487	22096
0.489	22112
0.507	21616
0.489	22048
0.490	19344
0.494	20816
0.497	19968
0.495	19776
0.500	20112
0.491	19808
0.498	22080
0.501	22784
0.492	19968
0.495	22336
0.496	21168
0.495	19792
0.495	19792
0.498	22256
0.499	22144
0.500	20544
0.506	20128
0.511	20608
0.501	21856
0.500	22336
0.504	19760
0.507	22752
0.500	22048
0.502	20256
0.505	22624
0.503	19760
0.508	22112
0.510	22672
0.510	21072
0.507	21984
0.509	21056
0.512	19888
0.513	20112
0.509	21072
0.530	22320
0.509	23088
0.511	21760
0.516	19920
0.511	20464
0.515	20800
0.519	20160
0.513	21280
0.514	19664
0.514	22112
0.520	22528
0.520	20064
0.519	22016
0.533	22912
0.525	22656
0.523	21632
0.521	22368
0.527	22624
0.525	21232
0.529	22608
0.529	22640
0.524	19968
0.526	19936
0.536	22560
0.535	20560
0.534	20576
0.531	22192
0.535	20432
0.529	22288
0.537	20624
0.532	19680
0.539	22976
0.533	20432
0.532	20704
0.537	20736
0.541	22864
0.565	20016
0.543	22976
0.546	20144
0.544	22704
0.539	20272
0.540	21520
0.537	21664
0.542	21936
0.549	20336
0.540	21440
0.558	20576
0.553	23584
0.551	23296
0.572	20864
0.566	22784
0.560	22048
0.557	23264
0.565	21136
0.563	23632
0.563	23248
0.565	20656
0.576	22784
0.571	20976
0.567	22976
0.546	20368
0.550	22688
0.549	20640
0.551	22752
0.556	22848
0.551	21904
0.556	20784
0.548	20624
0.554	23088
0.552	23440
0.555	23136
0.577	23264
0.564	23712
0.554	23120
0.554	23104
0.558	23600
0.557	20400
0.558	23152
0.556	23024
0.562	23264
0.567	23936
0.565	20592
0.564	23296
0.560	23344
0.565	20768
0.564	21808
0.561	22896
0.564	23200
0.572	23360
0.563	20992
0.566	21184
0.564	21248
0.568	23344
0.572	22400
0.573	21824
0.576	21184
0.571	23456
0.577	23680
0.577	23312
0.575	23472
0.575	23408
0.575	23728
0.576	21056
0.579	22768
0.577	23712
0.578	22800
0.574	23648
0.601	22336
0.585	22464
0.581	23376
0.581	23712
0.581	23392
0.583	21024
0.579	21344
0.585	23920
0.591	22192
0.580	23664
0.586	23936
0.585	23200
0.598	23824
0.591	23808
0.594	22720
0.590	21280
0.591	24000
0.588	23552
0.593	23600
0.589	24592
0.588	23888
0.609	21664
0.596	22816
0.595	21568
0.594	22304
0.596	23216
0.605	23248
0.608	24480
0.605	23872
0.603	21248
0.603	22944
0.606	24144
0.603	23360
0.605	21616
0.603	23872
0.631	24208
0.631	24448
0.613	23792
0.607	22000
0.619	22304
0.617	21584
0.625	21888
0.608	21920
0.621	24448
0.612	24080
0.612	21616
0.632	23824
0.609	21696
0.615	24144
0.610	21696
0.624	24112
0.620	22992
0.611	21888
0.613	21984
0.615	24256
0.604	24192
0.618	24240
0.618	21824
0.617	22240
0.622	24016
0.620	22160
0.634	22464
0.635	21664
0.629	24256
0.635	24352
0.631	24304
0.606	22096
0.624	22912
0.633	23104
0.618	21872
0.615	24672
0.612	24112
0.619	21920
0.616	24848
0.615	21984
0.618	21968
0.616	24048
0.620	22096
0.617	23104
0.617	24096
0.619	24608
0.621	21968
0.621	21776
0.621	23616
0.623	22192
0.622	21872
0.629	22432
0.621	22800
0.625	23072
0.624	22624
0.631	22880
0.628	24976
0.630	21680
0.632	24400
0.634	22144
0.633	23392
0.649	24496
0.635	24416
0.628	24896
0.634	24448
0.642	22464
0.642	24880
0.639	24560
0.633	24480
0.635	24304
0.642	22112
0.639	22912
0.661	24752
0.672	24960
0.678	23408
0.679	24720
0.639	24256
0.640	25392
0.639	22048
0.650	22672
0.642	24592
0.643	24672
0.649	22096
0.645	23536
0.644	22288
0.639	24608
0.656	22640
0.643	22544
0.646	23792
0.646	22368
0.648	24976
0.660	23328
0.665	22288
0.655	22336
0.654	24112
0.649	22272
0.658	22896
0.661	25728
0.650	22704
0.654	24880
0.666	25520
0.652	22400
0.659	23872
0.654	23712
0.661	23008
0.658	24960
0.660	25136
0.655	24992
0.656	22496
0.658	22672
0.657	25024
0.665	24560
0.659	24000
0.669	25392
0.661	23072
0.658	22656
0.670	25120
0.659	25760
0.663	24768
0.664	25056
0.667	25392
0.664	24464
0.668	25120
0.665	22992
0.685	24000
0.674	23184
0.675	25408
0.666	24400
0.665	23024
0.674	23504
0.668	25216
0.670	23136
0.672	25536
0.669	22720
0.678	24672
0.682	25952
0.680	25136
0.682	23088
0.671	25472
0.681	23184
0.677	25216
0.678	24992
0.686	25472
0.676	22640
0.680	24560
0.676	23168
0.678	25664
0.684	26048
0.678	24656
0.678	23280
0.682	22928
0.683	23280
0.682	23008
0.681	22960
0.697	24256
0.699	23408
0.694	25776
0.685	23376
0.691	25648
0.687	25760
0.689	24736
0.687	25680
0.688	23568
0.690	22800
0.703	23456
0.687	23488
0.699	25712
0.693	24864
0.698	25616
0.695	23968
0.701	24672
0.700	23488
0.693	25264
0.698	25632
0.697	23008
0.697	23072
0.697	26208
0.706	23728
0.708	24176
0.698	26016
0.707	24448
0.705	25568
0.706	25168
0.707	25872
0.711	23504
0.704	25456
0.734	26080
0.702	23792
0.703	25536
0.701	25968
0.711	23680
0.707	23456
0.710	25728
0.701	25856
0.712	25568
0.705	23360
0.716	26224
0.714	23904
0.711	23712
0.705	23840
0.711	23296
0.711	26368
0.712	23904
0.722	25808
0.722	26368
0.717	23680
0.723	23168
0.726	25744
0.717	25216
0.716	26272
0.716	26336
0.716	23744
0.727	26512
0.720	24400
0.717	26464
0.720	23856
0.718	23360
0.725	25120
0.736	23472
0.723	23088
0.727	23744
0.720	25632
0.730	24672
0.722	26112
0.736	25792
0.724	26192
0.736	26064
0.733	24080
0.720	23104
0.727	26064
0.728	23872
0.727	23648
0.739	27120
0.731	26432
0.739	23600
0.732	23536
0.737	24432
0.730	26064
0.735	26048
0.730	26208
0.739	26496
0.738	24768
0.737	26544
0.741	25712
0.736	26080
0.740	26032
0.737	26352
0.741	26784
0.749	24032
0.738	26256
0.767	24464
0.747	25664
0.747	23808
0.750	26448
0.759	26336
0.748	24240
0.739	23952
0.748	24496
0.744	27008
0.754	25184
0.756	24016
0.751	26944
0.748	26560
0.753	26192
0.748	24160
0.753	25824
0.746	24384
0.756	25632
0.762	24672
0.762	24288
0.762	26928
0.757	26208
0.764	27296
0.751	26400
0.745	25248
0.752	24176
0.746	24752
0.754	24608
0.748	25024
0.748	24144
0.748	27024
0.754	24448
0.766	24080
0.748	26432
0.764	24992
0.761	26640
0.765	27120
0.762	24352
0.769	26096
0.772	24640
0.763	24672
0.773	25248
0.770	26080
0.763	27168
0.765	24640
0.780	28032
0.766	26704
0.769	26688
0.774	24208
0.777	26480
0.772	26800
0.769	24704
0.775	24912
0.770	24528
0.778	27104
0.779	27616
0.781	24768
0.771	26816
0.775	24592
0.779	26912
0.775	26880
0.784	25632
0.776	24880
0.803	27248
0.776	26976
0.792	25792
0.777	26928
0.783	25584
0.778	25040
0.791	24880
0.777	27472
0.788	27632
0.783	25648
0.781	24624
0.790	25312
0.791	27456
0.786	27264
0.786	27264
0.789	27152
0.788	24720
0.783	25168
0.791	25520
0.790	25184
0.785	24912
0.798	25920
0.788	27440
0.791	26512
0.796	27424
0.793	27024
0.789	26864
0.780	24784
0.780	27648
0.779	25888
0.784	27104
0.783	27408
0.804	27296
0.790	27456
0.783	27168
0.788	25936
0.804	25440
0.804	25280
0.799	24560
0.803	27648
0.804	26896
0.798	25680
0.811	27712
0.797	27936
0.817	27200
0.809	27344
0.803	27696
0.805	24784
0.816	26720
0.812	25808
0.809	28192
0.811	25600
0.798	25376
0.810	26608
0.809	25296
0.805	28208
0.814	27936
0.814	27680
0.807	27264
0.822	28048
0.808	27856
0.809	27712
0.825	27856
0.836	25184
0.822	28336
0.819	27696
0.856	28448
0.854	28416
0.834	27792
0.825	26064
0.826	25232
0.823	26080
0.824	25776
0.828	26160
0.831	27536
0.826	28608
0.821	26288
0.830	28000
0.819	24992
0.823	27680
0.823	28224
0.824	27856
0.827	25664
0.831	28400
0.823	24656
0.824	26096
0.828	25680
0.825	28240
0.840	25840
0.830	27936
0.852	27728
0.828	25584
0.836	28832
0.839	27920
0.839	26192
0.841	26176
0.832	27888
0.839	28432
0.832	28192
0.830	27712
0.828	28000
0.822	25616
0.823	28000
0.821	28352
0.823	25872
0.826	26784
0.837	26576
0.827	28448
0.851	28336
0.838	26224
0.843	25808
0.842	26208
0.844	26112
0.845	25584
0.844	28256
0.845	26368
0.858	25776
0.848	28576
0.846	25728
0.842	25584
0.851	28720
0.845	25344
0.867	26048
0.854	28432
0.857	26768
0.847	26224
0.865	27232
0.847	28848
0.858	28384
0.850	27776
0.854	26416
0.860	28864
0.869	29504
0.854	27904
0.858	29120
0.861	28528
0.853	28656
0.862	26352
0.862	28704
0.874	28768
0.866	29840
0.860	26688
0.868	28976
0.864	28784
0.864	26320
0.877	29376
0.866	28896
0.863	26416
0.870	29200
0.867	26128
0.866	28736
0.867	26640
0.871	27872
0.885	26944
0.866	26448
0.877	26160
0.876	30160
0.877	27504
0.877	26400
0.882	27424
0.873	27808
0.875	29856
0.877	26912
0.878	29040
0.886	30192
0.875	26592
0.883	26992
0.882	29264
0.884	28352
0.876	29056
0.884	29136
0.884	28624
0.883	29920
0.881	28000
0.895	29520
0.879	27248
0.887	29568
0.886	27552
0.880	27152
0.893	29040
0.890	28816
0.889	26784
0.889	28192
0.888	29312
0.902	26880
0.886	26656
0.891	27440
0.895	30416
0.887	27376
0.888	29408
0.890	29040
0.897	28624
0.894	29456
0.889	29280
0.898	29520
0.895	29584
0.897	26976
0.891	28576
0.895	26896
0.903	29328
0.898	29616
0.905	28528
0.897	27600
0.888	30176
0.889	27760
0.883	26896
0.881	28944
0.884	30096
0.887	29296
0.888	27216
0.896	28048
0.904	26736
0.906	29296
0.914	27104
0.903	29696
0.916	28864
0.905	27104
0.899	27776
0.914	27984
0.915	27104
0.904	27040
0.914	27264
0.907	28288
0.912	30448
0.909	27808
0.916	29152
0.903	30560
0.906	30240
0.920	28736
0.910	29904
0.916	29808
0.914	27664
0.921	29648
0.926	31024
0.915	30272
0.916	27424
0.917	27264
0.929	27648
0.915	27648
0.934	27648
0.960	29680
0.960	29936
0.930	29040
0.919	27360
0.941	28320
0.918	27344
0.924	27840
0.933	30448
0.921	30560
0.927	29984
0.940	30560
0.930	30512
0.924	29760
0.920	27344
0.933	29280
0.932	30240
0.922	30144
0.923	30432
0.925	29840
0.942	27504
0.930	27824
0.925	29104
0.945	29888
0.943	30080
0.928	27584
0.936	27616
0.933	30320
0.943	30640
0.944	30512
0.934	28416
0.934	31072
0.929	28016
0.932	29232
0.934	30416
0.931	27488
0.954	30480
0.943	30144
0.956	30704
0.951	30192
0.949	30128
0.940	30640
0.942	28576
0.943	28048
0.948	27488
0.949	30064
0.952	27856
0.942	27696
0.949	30384
0.947	29952
0.945	27600
0.944	29536
0.949	30896
0.956	30896
0.948	30160
0.955	30368
0.959	29904
0.950	29808
0.952	30432
0.946	28016
0.956	31072
0.953	30688
0.953	30288
0.959	30368
0.954	28256
0.975	29248
0.961	28304
0.986	31504
0.971	31056
0.958	30464
0.956	27616
0.967	30416
0.957	28176
0.957	28896
0.965	30816
0.963	29936
0.969	28160
0.968	30784
0.963	28448
0.963	28848
0.973	31424
0.984	30464
0.964	31056
0.961	28224
0.975	28704
0.968	29472
0.972	30512
0.973	28320
0.978	28352
0.967	28928
0.979	28400
0.974	29760
0.970	30576
0.952	29984
0.954	28288
0.955	29424
0.962	32096
0.960	30720
0.975	28832
0.968	28560
0.982	31088
0.978	30416
0.994	31504
0.976	31152
0.980	28144
0.978	31008
0.979	28064
0.976	31184
0.976	30896
0.988	31744
0.983	30912
0.980	30656
0.980	29840
0.978	28992
0.990	29040
0.989	29760
0.997	28816
0.982	28304
0.991	28928
0.999	30320
0.985	28960
0.984	29440
0.985	29840
0.996	28944
0.992	28592
0.995	31648
0.987	28288
0.988	29200
0.998	29232
1.013	28816
1.012	32224
0.996	30992
1.000	30544
1.000	31216
0.999	28224
1.002	30080
0.994	28736
1.010	31328
0.993	31360
1.004	29392
0.996	28464
0.999	29760
1.014	28448
1.000	29120
1.015	32448
1.013	30656
1.009	28608
1.011	29392
1.004	31328
1.009	31440
1.003	29440
1.008	32240
1.011	31856
1.004	29120
1.007	30288
1.005	30992
1.007	31744
1.022	29344
1.029	31840
1.006	31264
1.010	31296
1.015	29216
1.016	29264
1.020	31632
1.022	32640
1.014	31440
1.016	32192
1.021	29648
1.012	31376
1.014	28640
1.014	29232
1.027	31840
1.026	30368
1.012	30160
1.031	31728
1.018	28320
1.020	31376
1.019	31536
1.035	32384
1.029	29632
1.026	29408
1.032	32080
1.037	31952
1.035	30016
1.034	29472
1.029	31824
1.036	30688
1.036	29712
1.028	31568
1.038	30256
1.031	30192
1.035	30368
1.026	32224
1.032	29328
1.035	31808
1.037	32016
1.030	32016
1.028	31936
1.042	29488
1.035	32512
1.044	29904
1.033	29664
1.035	29328
1.041	28992
1.037	30480
1.038	29472
1.046	30016
1.039	30016
1.048	29392
1.056	32512
1.037	32496
1.034	32880
1.022	31584
1.025	30160
1.024	31824
1.025	30624
1.046	32848
1.042	30592
1.060	32304
1.047	30080
1.050	30032
1.039	29568
1.046	30624
1.056	30272
1.051	30064
1.050	32336
1.057	32432
1.047	31456
1.048	30112
1.060	29744
1.056	32560
1.063	30832
1.055	30080
1.055	31344
1.049	30848
1.052	29616
1.057	30448
1.052	31904
1.074	30640
1.059	30272
1.054	30816
1.058	30896
1.062	30240
1.061	31232
1.065	33360
1.089	32000
1.054	31664
1.076	32912
1.073	31520
1.058	32720
1.061	29728
1.059	33040
1.060	30144
1.066	29872
1.060	32880
1.072	31424
1.064	30048
1.077	32144
1.074	31568
1.067	32256
1.069	31792
1.068	32512
1.069	32928
1.079	32496
1.071	33024
1.063	32560
1.067	32448
1.072	30176
1.077	32336
1.071	29840
1.086	32816
1.098	32448
1.089	32528
1.073	30128
1.093	33056
1.089	32528
1.085	32656
1.083	30224
1.079	33424
1.087	32080
1.079	30288
1.086	31696
1.083	31440
1.084	32752
1.083	31584
1.088	30448
1.081	32016
1.095	31264
1.084	31792
1.092	34304
1.090	30416
1.083	29888
1.089	33152
1.084	30720
1.099	31168
1.095	32304
1.091	33168
1.098	30880
1.091	32320
1.088	32640
1.091	33280
1.092	30128
1.107	31120
1.114	30784
1.101	32320
1.098	33072
1.093	30000
1.098	31824
1.108	31776
1.099	30608
1.097	32672
1.103	33152
1.095	30800
1.101	32080
1.103	33552
1.102	31392
1.108	31120
1.110	31488
1.098	33024
1.105	32320
1.106	32864
1.100	33792
1.102	31824
1.097	32624
1.094	30320
1.089	31472
1.093	31328
1.111	33248
1.118	33840
1.107	30272
1.114	33152
1.120	33840
1.129	33296
1.121	31360
1.135	33184
1.128	32448
1.115	32656
1.114	34208
1.111	30720
1.126	33312
1.124	33952
1.123	33408
1.118	33280
1.119	30480
1.120	31040
1.133	33904
1.127	33344
1.121	32976
1.127	32976
1.122	31552
1.122	30960
1.124	32160
1.119	33824
1.121	34064
1.139	33536
1.118	30576
1.131	31392
1.136	32832
1.131	33664
1.132	32032
1.129	31168
1.150	31936
1.124	33664
1.134	33200
1.133	33920
1.130	31040
1.144	33216
1.139	33376
1.132	31168
1.134	33536
1.153	34208
1.133	31344
1.142	31040
1.139	30864
1.131	30864
1.140	31680
1.142	33792
1.119	31536
1.132	33728
1.129	33328
1.123	31344
1.127	31584
1.132	31696
1.134	31312
1.142	33872
1.124	32256
1.129	32288
1.144	31424
1.142	33936
1.124	33712
1.150	31280
1.136	33872
1.137	33232
1.131	33904
1.144	33424
1.128	31504
1.140	34464
1.149	33296
1.133	31120
1.145	31952
1.141	35104
1.150	34336
1.144	33696
1.134	32752
1.138	34432
1.151	31616
1.151	34768
1.137	33840
1.148	31248
1.134	31824
1.140	33824
1.140	33104
1.140	32800
1.135	31936
1.144	33760
1.139	31600
1.149	33840
1.142	32208
1.157	31984
1.172	32928
1.146	34432
1.145	31552
1.152	34048
1.154	31088
1.157	34960
1.155	33936
1.149	31824
1.193	33952
1.158	34496
1.159	32912
1.163	34640
1.150	31952
1.155	33520
1.151	31248
1.158	33568
1.164	33840
1.170	35120
1.163	33360
1.154	32768
1.157	32096
1.159	34256
1.160	32208
1.166	35472
1.166	32608
1.165	34624
1.174	34336
1.158	33744
1.177	33440
1.171	32016
1.162	33184
1.160	32944
1.158	33248
1.163	33536
1.167	31952
1.180	34288
1.172	34400
1.166	34448
1.168	33056
1.168	33760
1.166	33856
1.180	34576
1.173	33328
1.182	34144
1.175	34752
1.165	32368
1.170	33152
1.189	34624
1.168	35056
1.172	34288
1.182	32048
1.172	32432
1.170	31968
1.190	35184
1.174	33728
1.185	33856
1.189	34464
1.198	32192
1.176	34512
1.176	35152
1.177	33392
1.194	34288
1.174	31616
1.173	32848
1.195	35456
1.185	32656
1.183	32032
1.178	32496
1.187	33296
1.199	34512
1.187	33280
1.178	32512
1.193	34432
1.189	33040
1.192	34608
1.196	35104
1.199	32608
1.197	34480
1.188	35168
1.198	33568
1.204	33536
1.189	34656
1.210	35696
1.213	32336
1.202	34352
1.198	32592
1.210	34912
1.207	33312
1.207	35984
1.200	32672
1.193	33392
1.204	32960
1.258	35568
1.219	34304
1.204	35280
1.206	35408
1.211	35328
1.210	33536
1.203	33088
1.225	34688
1.203	34560
1.214	35296
1.205	35344
1.201	34992
1.206	34192
1.205	35632
1.201	35696
1.202	33648
1.211	35344
1.209	33504
1.222	35536
1.205	32944
1.209	34496
1.212	35696
1.237	34720
1.227	33040
1.231	34752
1.222	34112
1.215	35360
1.210	32624
1.214	33920
1.212	34944
1.232	32768
1.221	35648
1.224	35312
1.215	35504
1.224	34224
1.219	35056
1.222	35488
1.216	34512
1.230	33248
1.221	35840
1.218	35376
1.231	35472
1.232	34112
1.216	33008
1.225	33104
1.220	32880
1.241	36144
1.242	36224
1.220	32496
1.223	34672
1.238	33888
1.245	36192
1.239	36416
1.233	33664
1.239	33728
1.241	35008
1.227	35792
1.234	34960
1.246	33952
1.249	36096
1.235	32944
1.235	34080
1.248	33328
1.232	32544
1.232	36480
1.243	35376
1.297	36240
1.235	35760
1.240	33632
1.239	36144
1.237	35616
1.238	35280
1.246	35696
1.238	35968
1.272	34880
1.258	34608
1.244	36272
1.251	32928
1.243	34112
1.272	34704
1.240	35840
1.257	36384
1.247	33696
1.249	34128
1.249	33712
1.249	33760
1.261	36224
1.261	35232
1.281	36144
1.254	36592
1.256	35536
1.253	37008
1.304	35376
1.304	34640
1.336	36512
1.259	36064
1.290	36864
1.272	35152
1.281	35600
1.294	32736
1.291	34960
1.292	37312
1.291	36448
1.285	36224
1.299	34592
1.286	36368
1.294	34400
1.306	36864
1.308	36832
1.274	33088
1.295	34640
1.289	36336
1.302	36704
1.280	34288
1.268	34432
1.268	33072
1.328	34112
1.306	34288
1.302	34912
1.298	33568
1.302	33872
1.296	34448
1.292	37136
1.307	35168
1.301	35440
1.295	34288
1.287	34000
1.303	36480
1.298	36032
1.291	34272
1.304	34752
1.313	36896
1.303	34192
1.318	37312
1.292	34288
1.329	35584
1.294	35536
1.302	34976
1.338	36880
1.310	35952
1.322	36112
1.305	37232
1.294	34208
1.311	36560
1.312	36624
1.311	36368
1.314	33632
1.304	36864
1.322	37168
1.323	36768
1.325	33408
1.318	34288
1.314	35280
1.312	35792
1.331	36976
1.313	34336
1.313	35056
1.318	34336
1.334	34720
1.316	37280
1.317	33568
1.312	37488
1.330	36624
1.314	34032
1.329	36448
1.317	36352
1.334	37152
1.317	36960
1.317	34048
1.336	35008
1.333	37024
1.325	36992
1.326	34688
1.339	37008
1.315	36720
1.328	37440
1.322	36272
1.343	34976
1.332	35888
1.322	36048
1.336	36864
1.337	37248
1.347	33856
1.319	33952
1.347	34048
1.349	34688
1.339	34720
1.327	36720
1.358	37568
1.318	34944
1.347	37216
1.359	37168
1.335	34496
1.352	37008
1.347	37344
1.344	38016
1.351	36480
1.348	36288
1.334	35312
1.356	36384
1.344	37376
1.347	36480
1.333	37040
1.355	34816
1.352	37648
1.323	37824
1.319	34880
1.332	35328
1.318	34752
1.327	34208
1.399	34752
1.343	35120
1.345	34272
1.344	35296
1.371	37072
1.343	35456
1.361	37600
1.352	37360
1.366	34416
1.361	35184
1.349	35760
1.362	35312
1.352	36864
1.366	35776
1.349	37568
1.372	34640
1.367	35616
1.350	36752
1.368	35040
1.361	37936
1.360	34688
1.351	37552
1.358	36080
1.354	37856
1.358	36368
1.350	35136
1.386	38672
1.364	37456
1.365	37552
1.358	37952
1.391	37488
1.366	36272
1.356	37616
1.364	37104
1.380	37216
1.360	37120
1.362	35904
1.382	37392
1.386	35680
1.359	35952
1.361	37088
1.397	37520
1.362	35168
1.376	35904
1.380	34512
1.380	35040
1.375	38192
1.365	37760
1.389	35520
1.378	37280
1.378	38336
1.391	37312
1.382	36256
1.371	36464
1.381	35440
1.386	37120
1.386	37728
1.374	37440
1.385	37600
1.397	35120
1.404	37920
1.391	35824
1.388	37568
1.400	36464
1.396	36080
1.384	35136
1.405	37856
1.387	37328
1.381	35392
1.388	34800
1.422	37952
1.398	36672
1.380	36736
1.398	38384
1.380	36320
1.384	37056
1.393	36960
1.397	36368
1.384	37600
1.391	36720
1.388	35904
1.398	37872
1.384	35568
1.361	37872
1.386	35552
1.381	35744
1.385	38000
1.389	35728
1.410	36880
1.405	38560
1.402	35568
1.421	38080
1.385	38160
1.395	38400
1.393	37280
1.423	36288
1.411	38080
1.393	36912
1.420	35584
1.410	38048
1.401	36944
1.412	36464
1.425	38528
1.420	37200
1.429	38096
1.426	36320
1.419	36496
1.411	37664
1.410	36560
1.440	38304
1.438	37104
1.405	35728
1.408	36896
1.423	37760
1.411	38480
1.430	36224
1.428	37648
1.411	38400
1.418	37616
1.414	37712
1.441	38144
1.409	37968
1.419	38416
1.441	39280
1.416	35136
1.439	36032
1.432	38144
1.433	38976
1.419	38016
1.425	37184
1.429	36288
1.432	37232
1.412	35712
1.417	38032
1.438	38928
1.422	37216
1.433	36688
1.436	37264
1.429	36672
1.447	39600
1.420	36816
1.453	36640
1.432	37104
1.445	35376
1.446	39616
1.437	39056
1.416	37824
1.409	38128
1.433	37952
1.413	38464
1.402	37312
1.427	39168
1.422	38624
1.412	37888
1.417	38816
1.438	37568
1.419	36672
1.433	38640
1.440	35984
1.435	36400
1.409	38768
1.428	37232
1.433	38272
1.450	37936
1.420	37648
1.436	38624
1.427	36304
1.420	39088
1.492	39600
1.441	36784
1.437	37296
1.441	36960
1.443	40144
1.433	39504
1.434	38448
1.430	39408
1.450	38352
1.446	39136
1.428	38656
1.458	38880
1.441	36576
1.427	36816
1.452	39840
1.438	39408
1.434	37616
1.421	36928
1.439	36944
1.451	39008
1.459	38320
1.436	37616
1.464	39840
1.433	37248
1.430	39792
1.502	38336
1.453	39168
1.475	37696
1.452	39936
1.451	37520
1.442	39024
1.442	36432
1.487	37472
1.446	38496
1.448	39824
1.468	37776
1.465	39440
1.460	41168
1.442	36912
1.480	40368
1.457	37296
1.441	38048
1.470	41008
1.459	37568
1.448	37904
1.443	38144
1.472	38144
1.477	40656
1.487	37088
1.469	39376
1.461	37344
1.464	38384
1.458	41104
1.465	39328
1.468	38288
1.452	40528
1.484	40592
1.468	39952
1.465	40480
1.472	38560
1.473	39888
1.482	40224
1.476	38976
1.460	36944
1.467	39680
1.468	37040
1.479	40928
1.481	37120
1.461	39680
1.464	39328
1.501	38960
1.454	40064
1.473	40400
1.493	38912
1.476	40368
1.475	40208
1.483	38608
1.486	40032
1.464	40000
1.465	38576
1.526	40512
1.487	37312
1.481	38688
1.483	37792
1.497	38912
1.470	39440
1.475	37360
1.481	38960
1.467	40272
1.492	41152
1.505	38816
1.484	38800
1.496	40688
1.497	39360
1.482	37520
1.473	40736
1.490	39168
1.490	37696
1.494	40752
1.482	38480
1.490	39584
1.490	38304
1.494	39824
1.511	41200
1.480	40112
1.492	38256
1.487	38080
1.516	37648
1.499	40288
1.485	39344
1.509	38896
1.498	39328
1.508	38912
1.521	39728
1.503	40656
1.494	37856
1.496	39088
1.518	39440
1.484	37632
1.496	40352
1.502	38512
1.504	40096
1.487	40496
1.502	39920
1.508	40608
1.511	37632
1.518	39776
1.504	38496
1.510	40704
1.509	38800
1.518	39536
1.519	41024
1.502	41024
1.500	37808
1.569	39232
1.531	38896
1.527	41184
1.512	40944
1.508	41104
1.513	39152
1.527	38752
1.502	40560
1.507	39872
1.522	38192
1.516	41312
1.506	39840
1.514	40960
1.522	37344
1.527	41744
1.505	40704
1.548	39024
1.516	38656
1.524	41408
1.540	42080
1.520	38544
1.523	40752
1.521	38448
1.562	42208
1.513	39792
1.525	40224
1.536	39344
1.536	40496
1.544	41376
1.548	40368
1.530	40256
1.526	41760
1.543	39168
1.520	39008
1.530	38480
1.532	41552
1.533	40592
1.535	41856
1.512	41472
1.546	40368
1.526	38720
1.543	42592
1.554	39952
1.532	40096
1.521	38768
1.549	41024
1.530	41280
1.537	39200
1.528	40912
1.553	38848
1.546	41600
1.533	38960
1.553	40112
1.539	39536
1.543	41952
1.574	41600
1.529	40704
1.547	40304
1.541	40656
1.557	41664
1.536	41696
1.541	39424
1.550	40896
1.533	41568
1.532	41456
1.581	40608
1.544	39104
1.537	39872
1.567	42640
1.532	40960
1.539	41264
1.567	39520
1.550	42528
1.545	41696
1.559	41008
1.556	38864
1.549	40560
1.555	39376
1.552	40000
1.560	39040
1.587	41808
1.583	41568
1.553	39600
1.554	42176
1.578	41648
1.558	40128
1.551	40048
1.609	39824
1.549	39600
1.549	40928
1.578	42448
1.564	41072
1.554	39792
1.551	38896
1.584	41776
1.562	42288
1.552	39936
1.579	42176
1.556	41584
1.567	41872
1.578	41984
1.551	42096
1.557	40000
1.582	41648
1.553	39488
1.625	42832
1.566	38976
1.591	42272
1.554	41696
1.598	42240
1.583	40672
1.567	41600
1.571	41520
1.581	39616
1.581	41024
1.561	42000
1.589	42672
1.569	41248
1.567	40144
1.596	40608
1.577	42544
1.562	40144
1.580	41568
1.591	41600
1.573	42240
1.574	39536
1.597	40640
1.576	41680
1.586	42288
1.603	43104
1.593	42688
1.574	40176
1.599	40080
1.592	42912
1.571	39488
1.604	42048
1.594	41264
1.590	42080
1.613	42960
1.582	42160
1.597	41136
1.609	41968
1.597	40960
1.590	42496
1.588	39968
1.598	40800
1.596	43120
1.597	42064
1.593	40400
1.584	42080
1.589	42176
1.622	43408
1.596	42256
1.581	40256
1.609	40192
1.616	43280
1.622	40816
1.623	42480
1.603	42064
1.593	40720
1.607	42224
1.612	41488
1.602	41280
1.628	40816
1.594	40832
1.609	40176
1.624	41168
1.588	40320
1.633	43488
1.609	41008
1.617	39472
1.593	39584
1.615	43152
1.625	42496
1.606	40576
1.601	42096
1.617	42560
1.612	40432
1.625	42000
1.639	41824
1.666	40768
1.614	43168
1.631	40672
1.617	40800
1.616	40048
1.634	39872
1.613	42448
1.600	42384
1.642	42960
1.628	43088
1.602	41792
1.627	41408
1.615	43056
1.623	43488
1.674	41472
1.611	43152
1.615	43248
1.632	41104
1.618	42608
1.610	42464
1.620	40224
1.614	39680
1.630	40368
1.628	42656
1.625	42768
1.628	41520
1.644	42480
1.637	41296
1.614	42896
1.622	42928
1.644	41648
1.633	41040
1.621	43104
1.628	43488
1.628	41456
1.623	42848
1.676	41408
1.638	40800
1.616	39456
1.658	43696
1.622	41808
1.627	40752
1.659	41312
1.649	43072
1.625	39936
1.665	40336
1.636	40240
1.645	43824
1.667	43536
1.626	42384
1.633	42912
1.662	41360
1.698	42848
1.653	42000
1.668	42160
1.646	41904
1.631	41024
1.696	41952
1.641	41248
1.676	42320
1.665	43808
1.648	41696
1.635	41856
1.664	43024
1.645	41072
1.645	40320
1.678	41168
1.649	41056
1.647	43504
1.675	42912
1.651	43088
1.648	43472
1.677	43776
1.701	40640
1.641	41280
1.681	41376
1.656	44048
1.666	41488
1.664	41440
1.640	43424
1.662	43872
1.672	41120
1.664	41056
1.665	43264
1.679	44336
1.651	43488
1.652	40576
1.681	42448
1.679	43584
1.659	42560
1.688	43152
1.651	41232
1.672	43776
1.683	42640
1.657	42272
1.684	43392
1.696	43792
1.659	42448
1.680	44496
1.670	44448
1.672	44224
1.670	42368
1.692	41424
1.683	43712
1.684	44944
1.697	42208
1.658	41744
1.663	41072
1.708	42176
1.678	40720
1.663	41184
1.697	42896
1.703	42576
1.660	43552
1.697	43568
1.664	41840
1.674	42352
1.701	42576
1.667	40992
1.689	42032
1.705	42864
1.674	41744
1.671	41376
1.692	42144
1.692	44336
1.679	41472
1.710	42912
1.678	43392
1.683	41216
1.706	42992
1.681	42592
1.672	41280
1.704	42128
1.680	44048
1.707	43696
1.722	42016
1.685	43904
1.681	44992
1.707	42848
1.706	41584
1.716	41008
1.705	41536
1.691	42192
1.749	42384
1.728	45328
1.685	42496
1.697	42688
1.693	43536
1.695	44176
1.704	44864
1.695	43792
1.682	44192
1.698	44976
1.696	43888
1.696	44448
1.704	43680
1.693	44448
1.695	42000
1.722	41488
1.700	43504
1.706	42976
1.735	45184
1.702	45056
1.699	42608
1.718	42080
1.705	43824
1.732	42000
1.732	44160
1.713	45040
1.712	44048
1.731	42160
1.701	44960
1.697	42576
1.730	42128
1.705	43456
1.718	42992
1.745	43424
1.708	44864
1.721	41536
1.724	43808
1.707	42608
1.710	43408
1.758	43120
1.707	41616
1.725	42416
1.726	45520
1.715	43808
1.715	42384
1.725	42160
1.715	44592
1.730	42336
1.718	44016
1.778	44240
1.733	44976
1.711	45296
1.716	41904
1.735	43632
1.709	44800
1.721	44272
1.747	44544
1.728	43392
1.715	43280
1.774	43264
1.736	44976
1.738	45168
1.750	43104
1.729	44352
1.724	45296
1.765	45728
1.734	45808
1.738	42784
1.754	43328
1.753	46176
1.736	44896
1.737	42336
1.728	44208
1.742	46096
1.733	43872
1.736	42608
1.798	42528
1.747	44800
1.740	42336
1.759	44336
1.743	43376
1.742	42656
1.767	42832
1.743	45600
1.739	44832
1.765	45760
1.755	44304
1.737	43856
1.767	44784
1.741	45056
1.737	44240
1.759	44048
1.737	44080
1.764	44880
1.767	42880
1.749	42528
1.761	45120
1.743	43360
1.763	45424
1.764	43216
1.796	45328
1.748	42832
1.774	45184
1.747	43024
1.751	44288
1.783	43712
1.775	44400
1.764	43088
1.787	45248
1.746	42432
1.761	43872
1.785	43840
1.768	45280
1.761	43504
1.766	43248
1.764	44688
1.776	43968
1.754	43952
1.761	44784
1.795	45408
1.777	46816
1.804	46144
1.819	45392
1.750	44640
1.755	44784
1.773	43504
1.779	44000
1.776	46144
1.766	43552
1.771	45472
1.778	46816
1.768	43136
1.783	45024
1.779	43872
1.767	42992
1.785	44352
1.785	42736
1.760	43968
1.778	45280
1.853	45216
1.759	45616
1.780	43232
1.803	42576
1.770	42848
1.785	45696
1.779	42656
1.773	43984
1.798	45584
1.768	42976
1.785	43104
1.800	46352
1.772	43632
1.775	43872
1.806	45168
1.788	45680
1.774	43040
1.787	45600
1.768	43760
1.795	46928
1.788	45472
1.774	44272
1.797	45424
1.824	47104
1.772	43392
1.796	42048
1.808	44048
1.807	43184
1.815	46144
1.780	42240
1.793	45584
1.821	44928
1.789	42736
1.796	43984
1.809	43936
1.793	45776
1.822	44496
1.793	43632
1.793	44480
1.812	46304
1.780	46592
1.800	45536
1.824	46960
1.817	45872
1.804	42464
1.820	43664
1.847	45872
1.796	46384
1.802	43936
1.789	44208
1.821	46656
1.814	44224
1.831	46160
1.825	44256
1.811	45744
1.831	44320
1.809	44224
1.813	46560
1.811	45664
1.811	44128
1.807	46208
1.839	47552
1.806	43024
1.824	44640
1.840	45600
1.827	46448
1.823	46352
1.868	46928
1.833	47584
1.829	46688
1.816	45168
1.812	46352
1.855	46816
1.802	46528
1.825	43520
1.842	45232
1.824	47520
1.814	44336
1.819	45456
1.807	45872
1.848	46448
1.829	45664
1.809	46384
1.845	47632
1.823	45728
1.850	44816
1.839	43216
1.834	47584
1.834	46448
1.843	47008
1.828	44448
1.847	47216
1.850	47024
1.828	44320
1.842	43424
1.832	47296
1.835	43296
1.854	46048
1.834	45984
1.839	44752
1.831	46416
1.834	44016
1.857	44832
1.825	45056
1.839	43856
1.873	45088
1.856	45456
1.856	47312
1.831	47328
1.830	45536
1.846	47968
1.873	44336
1.843	43792
1.870	48240
1.827	44944
1.840	47088
1.854	45936
1.850	45696
1.862	45040
1.849	44512
1.860	47184
1.879	47680
1.834	45360
1.849	45280
1.877	46592
1.845	47008
1.842	44800
1.843	46752
1.851	46768
1.849	45936
1.857	46384
1.838	43136
1.906	46928
1.850	45920
1.858	44896
1.877	46864
1.864	46080
1.846	47072
1.845	48016
1.878	44320
1.869	44560
1.862	44976
1.877	47152
1.880	45904
1.856	44736
1.890	46400
1.854	45232
1.850	47568
1.858	46656
1.856	44064
1.874	46128
1.915	43968
1.869	47168
1.869	44752
1.853	47584
1.861	44800
1.872	44960
1.868	45824
1.876	44384
1.875	44784
1.852	43792
1.880	48352
1.877	46464
1.882	46656
1.880	44352
1.891	47216
1.853	45136
1.891	47120
1.864	47600
1.874	44576
1.871	46496
1.871	46752
1.900	47920
1.871	48112
1.878	47904
1.874	45424
1.878	46240
1.868	47520
1.884	46688
1.865	47184
1.881	46656
1.885	45360
1.876	47424
1.910	47024
1.872	46064
1.870	47360
1.904	46864
1.899	48976
1.914	46016
1.874	45600
1.873	46256
1.906	47840
1.882	46448
1.875	47168
1.915	45376
1.943	47056
1.896	44864
1.878	47184
1.885	45264
1.903	45648
1.878	46704
1.921	47968
1.893	47600
1.900	46944
1.905	46496
1.897	46560
1.907	46384
1.908	46880
1.903	48464
1.907	45376
1.885	46464
1.906	44784
1.924	45312
1.897	44864
1.879	45664
1.909	47664
1.923	48496
1.918	47648
1.891	45232
1.912	45696
1.917	47344
1.921	47744
1.922	47136
1.924	46400
1.908	45408
1.929	46304
1.921	47952
1.902	46016
1.918	47104
1.906	45760
1.934	46976
1.900	46864
1.904	45936
1.923	45792
1.920	48800
1.907	47168
1.905	46176
1.931	49280
1.980	47424
1.901	47856
1.939	47632
1.930	48592
1.916	47888
1.919	45680
1.922	45936
1.898	46512
1.953	47824
1.911	47664
1.956	45104
1.915	45728
1.920	46592
1.940	46864
1.918	46816
1.919	46832
1.932	48448
1.953	48288
1.926	45648
1.916	45440
1.985	45824
1.942	48976
1.925	46640
1.919	47984
1.943	45744
1.941	48464
1.943	47344
1.922	47072
1.922	47504
1.963	47824
1.932	44816
1.925	46688
1.933	47680
1.923	48160
1.946	48176
1.944	48320
1.923	46320
1.935	46112
1.951	48848
1.961	46864
1.933	48064
1.925	47632
1.956	48336
1.929	48160
1.934	46368
1.936	48752
1.924	49328
1.965	47808
1.963	45472
1.939	48464
1.941	48112
1.933	47632
1.982	47792
1.942	49168
1.932	48816
1.937	48544
1.958	47248
1.972	48640
1.939	47408
1.940	46816
1.982	48928
1.962	46368
1.975	47792
2.001	48304
1.937	46336
1.975	46960
1.939	45472
1.957	45888
1.962	47968
1.943	49072
1.969	49824
1.966	48784
1.965	49152
1.952	48512
1.941	49936
1.969	46528
1.945	47312
1.968	47904
1.982	47472
1.960	45792
1.984	48096
2.022	49904
1.962	48528
1.967	49296
1.973	50064
1.964	46672
1.956	46896
1.967	47328
2.003	50256
1.966	48496
1.975	45664
1.973	47760
1.978	47280
1.987	46272
1.977	48608
1.962	49152
1.959	49696
1.967	47424
2.011	49248
1.977	48144
1.969	48816
1.968	47856
1.967	45920
1.979	48384
1.983	48496
1.989	49120
1.964	49728
1.963	49536
2.009	49440
1.960	49200
1.975	47008
1.980	49664
1.998	50208
1.999	46448
1.979	48752
1.971	47792
2.000	47616
1.973	47600
2.014	47920
2.002	49216
1.976	46640
1.978	46576
2.003	49936
1.996	46064
1.981	48368
1.984	47424
2.007	48896
1.999	47280
1.989	48560
1.991	49536
1.973	49216
2.004	48048
1.977	46624
2.010	50528
1.983	49136
1.974	49392
2.024	48416
1.997	48032
1.997	46848
1.988	46912
2.003	49552
2.024	48096
2.007	49744
2.015	50368
1.994	48624
2.003	48144
2.010	49616
2.004	46512
2.016	48880
1.994	49088
2.016	49488
2.006	48672
1.992	47664
2.004	49024
2.003	47872
1.998	49440
2.030	48848
2.007	48176
2.014	47552
2.006	48736
2.000	47120
2.010	50032
2.001	49600
2.019	47120
2.022	51152
1.986	49952
2.013	47536
2.038	49136
2.023	47568
2.014	50112
2.017	49056
2.021	50592
2.016	49120
2.018	48528
2.019	50976
1.998	47072
2.031	48640
2.028	48544
2.027	47952
2.014	50064
2.017	48608
2.031	51200
2.001	48176
2.029	47520
2.023	51312
2.002	48480
2.044	48144
2.041	47392
2.054	50320
2.038	47248
2.033	49760
2.044	47024
2.011	47872
2.050	47632
2.032	49936
2.051	47024
2.020	49216
2.027	48512
2.054	51040
2.025	48800
2.032	48192
2.049	49648
2.038	49904
2.049	48160
2.016	49088
2.055	49728
2.046	47936
2.027	48128
2.066	51040
2.027	50608
2.063	48416
2.060	50448
2.028	47264
2.059	49200
2.030	48752
2.073	51376
2.053	49152
2.034	48000
2.044	48240
2.021	47104
2.062	47696
2.026	47600
2.028	48896
2.041	48144
2.045	49776
2.074	51104
2.054	50512
2.051	47968
2.049	48192
2.033	48608
2.067	49536
2.056	47440
2.077	50976
2.058	50336
2.041	50240
2.079	50576
2.033	48112
2.065	50064
2.053	51840
2.042	50384
2.050	48752
2.051	50608
2.096	50912
2.060	46976
2.045	48096
2.065	48624
2.052	49920
2.086	48304
2.036	48592
2.068	51152
2.061	49296
2.062	49264
2.085	51600
2.055	48400
2.087	48816
2.087	49424
2.058	50016
2.071	49472
2.057	50608
2.085	51408
2.090	51024
2.060	50240
2.086	50976
2.062	51072
2.078	49520
2.083	51232
2.073	49104
2.082	48512
2.085	48112
2.093	51408
2.067	49008
2.091	51440
2.099	49728
2.061	48672
2.079	51040
2.096	51008
2.093	49072
2.082	51216
2.099	49808
2.063	50256
2.083	48784
2.091	48448
2.096	52000
2.091	50064
2.103	50512
2.123	51200
2.093	48704
2.094	50096
2.095	49616
2.064	49872
2.084	51520
2.085	48304
2.081	51168
2.097	50096
2.065	50768
2.093	51408
2.073	51200
2.098	51872
2.109	51120
2.065	50352
2.100	50544
2.073	50928
2.101	51184
2.099	50288
2.088	49504
2.115	49872
2.077	50912
2.111	48896
2.095	51120
2.093	50528
2.096	51536
2.102	51088
2.147	51568
2.096	51024
2.098	49152
2.110	49120
2.087	49920
2.104	49472
2.130	50544
2.123	50688
2.098	49056
2.101	48784
2.085	50880
2.083	51104
2.133	50848
2.094	51200
2.117	48464
2.125	49488
2.122	51424
2.124	50960
2.100	49088
2.133	50384
2.095	50752
2.130	49920
2.114	50656
2.097	51376
2.100	50016
2.102	51552
2.147	50864
2.100	51024
2.108	49856
2.123	52304
2.094	50944
2.155	50240
2.118	50320
2.127	49184
2.123	50176
2.138	51408
2.111	52048
2.120	49232
2.125	51360
2.132	50000
2.131	50256
2.111	52304
2.159	51360
2.110	50816
2.127	50128
2.144	50800
2.110	51712
2.131	49296
2.116	49424
2.114	52144
2.159	50480
2.113	52096
2.158	51664
2.134	50704
2.136	48384
2.151	52464
2.124	49296
2.160	51392
2.125	50832
2.146	48608
2.121	49312
2.149	50544
2.130	52176
2.132	50640
2.151	52672
2.165	51888
2.173	51296
2.155	51872
2.201	51840
2.268	50080
2.131	49552
2.138	51616
2.141	50448
2.157	51520
2.140	50160
2.145	51328
2.127	51728
2.151	50032
2.147	50208
2.129	48848
2.169	51840
2.130	50000
2.168	50336
2.151	50832
2.131	49840
2.159	50560
2.140	48800
2.176	52608
2.131	49840
2.203	52912
2.175	51024
2.136	51120
2.159	51248
2.163	53568
2.175	51872
2.144	50080
2.165	51504
2.154	51040
2.166	50688
2.170	52880
2.147	52048
2.182	50016
2.156	51744
2.194	52672
2.140	51616
2.163	52240
2.180	49952
2.158	50336
2.212	50704
2.178	52096
2.192	52032
2.159	49824
2.181	49680
2.152	52544
2.152	50032
2.199	53728
2.156	50464
2.198	49280
2.157	50832
2.181	53440
2.158	50656
2.154	51456
2.173	50784
2.161	52768
2.198	52128
2.193	51152
2.184	50480
2.169	50048
2.247	52272
2.188	51872
2.161	50256
2.198	50112
2.176	52448
2.182	49520
2.184	52800
2.177	50512
2.180	52256
2.179	51040
2.180	49456
2.170	49776
2.183	50880
2.165	53408
2.172	50224
2.168	49776
2.187	52448
2.231	51072
2.170	52176
2.237	53520
2.198	49136
2.215	51696
2.182	51696
2.186	52160
2.176	51536
2.193	53376
2.186	53120
2.178	52864
2.211	50832
2.186	51552
2.187	50272
2.197	53248
2.186	51552
2.208	53344
2.199	52448
2.206	50064
2.170	50464
2.242	51456
2.191	53088
2.192	51328
2.190	50064
2.202	54032
2.205	49472
2.198	53312
2.252	52928
2.182	52400
2.199	50912
2.206	53824
2.180	50224
2.202	52848
2.204	51456
2.205	53248
2.190	50864
2.237	52128
2.200	50624
2.201	52480
2.228	53856
2.184	51152
2.193	50288
2.204	51632
2.225	52736
2.196	52592
2.220	52528
2.205	52256
2.224	50704
2.199	51936
2.214	52672
2.233	50624
2.200	50880
2.251	53408
2.203	52880
2.212	51008
2.209	52432
2.218	50832
2.213	53968
2.246	53584
2.236	53792
2.213	49872
2.244	52336
2.218	53552
2.287	51808
2.219	52176
2.219	51584
2.232	51584
2.228	52448
2.253	51024
2.198	51664
2.237	53248
2.221	52992
2.259	52832
2.222	52368
2.233	51152
2.225	50368
2.225	51328
2.257	53136
2.228	50752
2.248	54832
2.210	53648
2.293	53168
2.239	53616
2.253	52544
2.232	53536
2.226	55328
2.256	52000
2.240	52832
2.257	53712
2.251	54272
2.274	52064
2.232	51856
2.232	51152
2.235	51520
2.234	54192
2.300	53728
2.235	50416
2.281	50912
2.228	53184
2.269	53216
2.255	53632
2.251	52576
2.261	54080
2.282	54592
2.228	53072
2.232	52768
2.270	53200
2.221	53824
2.258	51456
2.238	54224
2.264	54112
2.223	50144
2.252	51456
2.239	53920
2.246	50992
2.274	53344
2.255	54080
2.285	52288
2.231	53952
2.286	54128
2.262	53360
2.256	52576
2.264	49728
2.254	53616
2.240	52960
2.258	54624
2.272	53344
2.266	53792
2.282	54800
2.249	53600
2.277	53632
2.339	53248
2.253	50496
2.240	52064
2.288	54512
2.273	53616
2.244	51504
2.276	54112
2.251	54320
2.295	52928
2.265	54992
2.283	53312
2.284	51680
2.302	54528
2.261	53936
2.242	52512
2.298	54128
2.330	53296
2.284	51424
2.278	51888
2.296	51264
2.250	51584
2.303	52880
2.281	52208
2.303	54288
2.270	54496
2.258	51936
2.276	52528
2.281	54928
2.289	51536
2.275	51584
2.315	54720
2.281	53584
2.301	53760
2.288	55088
2.305	53456
2.282	52000
2.301	55536
2.284	52656
2.281	54192
2.302	54816
2.268	54272
2.333	52096
2.303	54656
2.301	53504
2.279	52240
2.327	55072
2.270	51808
2.301	53856
2.306	55408
2.272	53728
2.288	54704
2.318	55440
2.309	54192
2.286	53040
2.328	53120
2.298	52192
2.311	54560
2.296	54304
2.295	54480
2.291	52848
2.310	55168
2.303	53264
2.275	54352
2.317	54576
2.289	53712
2.335	52208
2.315	55632
2.313	52848
2.290	54112
2.311	52768
2.279	54736
2.304	53936
2.301	54528
2.294	52576
2.285	52448
2.303	55632
2.312	51712
2.309	54480
2.348	55664
2.326	53360
2.338	53920
2.303	52544
2.332	53136
2.291	52736
2.330	55024
2.307	53456
2.326	53408
2.372	55504
2.299	53792
2.340	54000
2.309	53568
2.337	53600
2.305	54112
2.330	54288
2.302	53296
2.342	53360
2.309	53104
2.340	54880
2.317	55632
2.309	52512
2.319	52688
2.304	55280
2.353	53120
2.322	54880
2.347	54176
2.322	53424
2.339	52128
2.381	55152
2.344	52496
2.316	52960
2.339	53952
2.308	52496
2.310	53040
2.354	53568
2.313	54288
2.346	53248
2.348	55760
2.357	53456
2.319	53024
2.346	56480
2.350	54080
2.352	52480
2.351	55296
2.343	51792
2.313	54496
2.359	55776
2.321	53552
2.323	52192
2.335	55568
2.345	52864
2.328	54336
2.337	55952
2.368	54704
2.341	55808
2.369	56528
2.350	55104
2.344	55568
2.337	56064
2.353	54864
2.322	54336
2.356	52112
2.380	53520
2.370	56048
2.332	55424
2.331	55072
2.338	54944
2.341	53120
2.351	53248
2.386	54640
2.373	55664
2.330	54576
2.369	56048
2.344	56176
2.363	53088
2.361	53360
2.361	53680
2.359	55312
2.385	56672
2.377	54976
2.364	56080
2.342	56208
2.385	55248
2.355	54688
2.380	55200
2.354	54560
2.355	54176
2.394	53504
2.335	53568
2.370	57072
2.361	56016
2.372	54256
2.359	52800
2.399	54480
2.373	55472
2.435	56288
2.350	53904
2.364	54816
2.369	56912
2.359	53696
2.357	53904
2.377	55712
2.363	54816
2.346	53392
2.386	53392
2.350	54848
2.363	54640
2.366	53856
2.370	54032
2.358	55568
2.404	56176
2.361	53968
2.412	54576
2.357	52944
2.407	55792
2.376	55216
2.380	54656
2.366	53632
2.381	55168
2.375	55216
2.379	54416
2.396	53648
2.367	56608
2.377	55616
2.393	56128
2.408	55760
2.365	54832
2.421	54768
2.380	56752
2.436	53776
2.404	57616
2.408	55056
2.382	56768
2.389	53168
2.370	54352
2.397	57632
2.384	56240
2.379	53456
2.385	54912
2.375	53936
2.379	53856
2.395	56384
2.389	56032
2.392	53008
2.418	56336
2.378	53616
2.411	56080
2.414	56944
2.405	56144
2.409	55040
2.436	55824
2.402	55872
2.402	53584
2.410	57120
2.400	54480
2.391	56112
2.404	54256
2.412	53088
2.412	55776
2.398	55744
2.403	53504
2.379	54512
2.420	53792
2.393	55040
2.492	57488
2.391	55648
2.399	55728
2.471	56720
2.408	55936
2.415	54864
2.433	55872
2.435	56080
2.398	54896
2.435	57376
2.413	54528
2.412	54384
2.398	56832
2.424	56672
2.408	57088
2.430	53824
2.494	55888
2.442	58000
2.415	56224
2.436	56832
2.433	57376
2.449	55024
2.401	55600
2.454	57648
2.400	55648
2.421	56112
2.418	57104
2.419	52720
2.425	56608
2.420	56320
2.427	56528
2.424	55728
2.416	56080
2.440	54784
2.429	56464
2.405	55504
2.442	56000
2.457	57696
2.426	55392
2.408	54368
2.465	56864
2.435	55920
2.431	56176
2.418	58112
2.451	55376
2.411	56480
2.436	57888
2.412	56544
2.448	56768
2.417	56752
2.491	55104
2.452	58352
2.447	54976
2.436	54192
2.478	55744
2.429	53792
2.435	56880
2.422	54784
2.481	55856
2.442	56592
2.440	57536
2.436	56320
2.452	56976
2.422	54688
2.432	55216
2.460	55520
2.480	55040
2.445	56192
2.464	57856
2.447	55264
2.432	55312
2.468	57808
2.434	55120
2.448	56688
2.455	56432
2.436	55728
2.461	55712
2.457	56576
2.453	56368
2.467	58208
2.444	55408
2.472	56368
2.469	58624
2.475	55504
2.484	56832
2.487	56144
2.447	55504
2.478	57984
2.447	57376
2.466	54688
2.468	54720
2.479	56368
2.438	57936
2.466	57872
2.473	56624
2.458	56400
2.473	57808
2.477	55648
2.457	56560
2.476	55328
2.440	57664
2.471	55600
2.487	55136
2.471	54320
2.468	56480
2.490	55904
2.450	55584
2.504	58944
2.473	57744
2.462	57616
2.470	57392
2.469	57616
2.483	54928
2.532	57904
2.458	57568
2.519	57744
2.467	56832
2.492	56288
2.471	58352
2.474	57056
2.485	57632
2.481	55408
2.479	57760
2.474	56160
2.459	58800
2.479	57488
2.493	58912
2.478	58208
2.456	55696
2.493	58320
2.480	58240
2.515	56624
2.502	58960
2.479	55312
2.476	56560
2.491	57664
2.472	55712
2.465	56016
2.489	54960
2.482	56304
2.489	56096
2.467	56976
2.513	57760
2.489	59504
2.475	56784
2.481	55104
2.550	56384
2.486	54928
2.527	56864
2.482	55856
2.501	55392
2.486	58320
2.502	56672
2.504	56800
2.523	56880
2.497	58320
2.512	56304
2.501	55712
2.506	58464
2.511	56336
2.518	55248
2.519	55808
2.546	58624
2.493	57936
2.492	57008
2.534	58064
2.619	56016
2.523	57440
2.498	56672
2.491	57328
2.501	55392
2.502	58704
2.508	58656
2.494	56448
2.501	55840
2.541	59216
2.543	57024
2.497	57616
2.519	58704
2.510	57792
2.506	56272
2.542	58320
2.500	56800
2.497	56800
2.547	57808
2.504	57440
2.535	59440
2.504	57408
2.505	57568
2.528	59568
2.574	57440
2.604	58416
2.506	57328
2.517	57744
2.525	59392
2.582	55648
2.535	59088
2.516	58448
2.512	56720
2.526	57936
2.517	56432
2.529	56160
2.542	58528
2.532	56432
2.545	57504
2.513	58608
2.519	56832
2.534	59056
2.534	58336
2.583	57488
2.584	59344
2.567	57712
2.565	57968
2.576	58928
2.554	57280
2.583	60080
2.565	56448
2.591	56608
2.574	59264
2.580	57568
2.591	58432
2.583	58512
2.570	58016
2.582	58624
2.564	57024
2.571	57248
2.597	59008
2.600	57504
2.557	56832
2.573	58512
2.555	57216
2.588	57984
2.546	59472
2.586	58048
2.572	58784
2.566	56208
2.563	58640
2.600	58192
2.600	58224
2.573	59376
2.587	59664
2.599	56432
2.618	59184
2.581	58672
2.598	58592
2.618	59952
2.610	55648
2.582	57920
2.599	57088
2.589	58560
2.601	59360
2.580	58480
2.612	57312
2.618	59968
2.585	58016
2.554	58208
2.573	57824
2.575	56528
2.629	58896
2.572	58272
2.616	57408
2.590	58384
2.594	59792
2.593	57072
2.580	57424
2.580	56784
2.610	59184
2.589	58752
2.602	57136
2.602	60144
2.594	58400
2.596	60160
2.586	58576
2.563	57152
2.574	57984
2.566	58816
2.551	57344
2.597	60272
2.555	56832
2.588	57568
2.557	59040
2.577	57120
2.575	60384
2.605	57440
2.570	57888
2.593	60224
2.559	56160
2.572	56960
2.574	59936
2.583	58496
2.666	58768
2.590	56992
2.564	57952
2.597	59104
2.563	59200
2.604	58688
2.591	57856
2.585	56464
2.640	59600
2.605	57040
2.589	56352
2.589	59168
2.640	59616
2.581	57184
2.573	57728
2.588	59680
2.589	56720
2.595	57440
2.606	59024
2.578	57248
