 -7.47	 -7.61	0.27	15.50
 -7.65	 -7.71	0.20	15.67
 -6.33	 -6.38	0.11	15.80
 -8.46	 -8.50	0.08	15.85
 -6.03	 -6.09	0.10	15.80
 -6.03	 -6.09	0.10	15.80
 -3.48	 -3.66	0.38	15.27
 -7.65	 -7.71	0.20	15.67
 -6.90	 -7.14	0.40	19.21
-12.90	-13.40	0.72	22.57
 -9.05	 -9.40	0.72	22.71
 -0.36	 -1.07	1.99	8.19
  0.00	 -0.66	1.64	8.75
 -0.17	 -0.88	1.32	9.37
 -9.24	 -9.58	0.49	23.03
-29.14	-29.41	0.59	54.85
 -8.93	 -9.14	0.45	25.11
-29.14	-29.41	0.59	54.85
 -1.45	 -2.07	2.96	7.44
 -2.69	 -3.09	1.24	10.06
 -2.69	 -3.09	1.24	10.06
 -0.36	 -1.07	1.99	8.19
 -1.43	 -1.65	0.63	10.79
 -2.69	 -3.09	1.24	10.06
 -4.08	 -5.03	4.44	17.22
 -4.58	 -5.23	1.51	18.49
-11.14	-11.33	0.35	26.34
-13.55	-14.17	1.31	38.44
 -9.47	-10.36	7.20	31.43
-11.59	-11.94	1.21	35.93
 -2.40	 -2.49	0.34	11.40
 -6.26	 -6.38	0.23	17.54
 -0.82	 -1.42	2.29	14.90
-11.37	-11.80	0.70	28.65
 -7.73	 -8.07	0.51	23.00
 -8.71	 -9.05	0.71	27.65
 -6.47	 -7.06	3.82	22.87
 -7.29	 -7.40	0.18	18.65
 -7.78	 -7.85	0.11	16.78
 -5.49	 -5.59	0.16	14.67
-10.97	-12.04	1.89	34.33
-15.57	-16.06	1.50	43.44
 -5.66	 -6.42	2.20	19.23
-14.99	-15.66	9.09	26.69
 -8.09	 -8.17	0.14	19.72
 -5.41	 -5.77	1.37	20.75
-11.14	-11.33	0.35	26.34
 -2.81	 -3.11	0.47	16.06
 -2.81	 -3.11	0.47	16.06
 -4.34	 -4.53	0.70	12.85
 -2.04	 -2.88	2.11	14.10
-10.19	-11.27	2.82	38.19
-10.19	-11.27	2.82	38.19
 -2.99	 -4.13	3.81	21.27
 -5.29	 -5.54	0.65	19.84
-30.91	-32.29	21.08	58.50
 -6.13	 -6.31	0.42	18.23
 -6.13	 -6.31	0.42	18.23
 -6.25	 -6.52	0.98	22.41
 -8.25	 -9.09	2.96	30.78
-13.08	-13.39	0.69	27.74
-10.27	-10.88	1.84	26.71
-13.08	-13.39	0.69	27.74
 -4.13	 -4.26	0.32	15.38
 -3.23	 -3.76	2.98	11.70
-11.64	-12.20	1.30	22.86
 -6.68	 -6.91	0.41	21.20
 -3.44	 -3.56	0.23	12.56
 -4.28	 -4.56	0.76	17.56
 -5.58	 -5.72	0.80	28.51
 -3.08	 -4.30	4.87	10.27
 -3.08	 -4.30	4.87	10.27
-16.55	-16.65	0.54	35.22
-13.66	-13.80	0.44	26.33
-11.88	-12.47	1.20	25.09
-13.66	-13.80	0.44	26.33
-11.88	-12.47	1.20	25.09
-13.66	-13.80	0.44	26.33
-11.88	-12.47	1.20	25.09
-13.66	-13.80	0.44	26.33
-11.88	-12.47	1.20	25.09
 -6.38	 -6.71	1.24	26.98
 -3.82	 -4.05	0.46	13.14
 -6.68	 -6.91	0.41	21.20
 -4.08	 -4.14	0.12	16.77
 -3.19	 -3.30	0.33	13.44
 -4.22	 -4.59	1.77	24.11
 -7.15	 -7.56	1.82	25.13
-11.58	-11.79	0.37	26.29
-11.58	-11.79	0.37	26.29
 -1.43	 -1.65	0.63	10.79
 -2.64	 -3.06	1.83	13.12
 -8.73	 -8.80	0.13	19.75
 -2.59	 -2.64	0.20	12.66
 -2.59	 -2.65	0.20	12.65
 -2.59	 -2.64	0.19	12.67
 -2.59	 -2.64	0.19	12.67
 -2.59	 -2.64	0.14	12.75
-12.63	-12.74	0.32	29.46
 -9.03	 -9.11	0.14	18.74
 -9.03	 -9.11	0.14	18.74
 -3.44	 -3.56	0.23	12.55
 -3.44	 -3.56	0.23	12.56
 -3.44	 -3.56	0.23	12.56
-15.41	-17.66	12.89	53.12
 -3.30	 -4.25	6.70	13.93
 -1.81	 -1.91	0.36	9.39
 -3.92	 -4.24	0.56	20.91
 -3.92	 -4.24	0.56	20.91
 -2.75	 -2.90	0.35	13.30
 -5.96	 -6.64	5.95	19.41
-10.73	-10.76	0.11	21.82
 -5.13	 -5.78	1.04	15.08
-10.31	-11.24	5.06	28.25
 -8.07	 -9.49	3.42	25.41
 -5.14	 -5.42	1.39	18.84
 -5.14	 -5.42	1.39	18.84
 -5.33	 -5.80	1.02	21.16
 -2.63	 -2.92	1.61	13.54
-16.44	-17.27	1.68	42.96
 -7.23	 -7.34	0.25	21.50
 -3.44	 -3.56	0.23	12.56
-12.87	-13.22	0.84	32.39
 -3.19	 -3.27	0.18	13.65
 -2.84	 -2.95	0.24	13.53
-10.65	-10.76	0.23	22.58
 -9.61	 -9.69	0.15	21.70
 -9.01	 -9.11	0.18	21.64
-11.06	-11.21	0.25	24.50
-38.01	-38.82	1.52	89.16
 -6.63	 -7.89	7.34	18.95
 -1.72	 -2.86	4.03	15.28
 -1.72	 -2.86	4.03	15.28
 -1.72	 -2.86	4.03	15.28
 -9.63	-10.18	1.57	29.25
 -5.13	 -5.78	1.04	15.08
 -8.79	 -9.34	1.16	21.70
 -3.65	 -3.80	0.38	16.31
 -8.39	 -8.65	0.68	28.72
 -6.63	 -7.88	7.24	18.86
 -5.67	 -6.05	0.90	26.23
 -5.67	 -6.05	0.90	26.23
-23.58	-25.43	5.57	61.60
-11.85	-12.02	1.06	27.59
 -5.14	 -5.67	1.63	25.29
 -5.14	 -5.67	1.63	25.29
 -4.86	 -5.27	1.47	21.66
 -9.41	 -9.63	0.49	29.11
 -3.24	 -3.86	1.80	15.71
 -3.18	 -4.44	4.56	15.27
 -4.08	 -4.27	0.32	16.36
 -4.08	 -4.27	0.32	16.36
-12.66	-12.86	0.90	36.58
-10.45	-11.00	1.27	23.05
 -4.83	 -4.87	0.08	11.85
 -8.74	 -8.85	0.21	19.59
 -8.51	 -9.12	1.26	20.91
 -8.33	 -9.24	3.00	25.58
 -4.14	 -4.61	1.42	23.45
 -2.11	 -2.72	3.07	10.19
-23.41	-25.82	7.26	68.90
-11.75	-12.07	0.68	40.73
 -5.51	 -6.28	1.69	23.79
 -7.99	 -8.12	0.24	23.53
 -2.72	 -3.28	1.66	14.97
 -2.72	 -3.28	1.66	14.97
 -2.72	 -3.28	1.66	14.97
 -2.72	 -3.28	1.66	14.97
 -4.65	 -4.73	0.34	15.43
-13.11	-13.81	1.77	38.77
 -4.84	 -5.90	2.05	21.30
 -6.58	 -6.72	0.46	21.26
-15.06	-15.33	0.93	34.50
 -7.21	 -7.92	1.37	27.40
 -6.47	 -7.06	3.82	22.87
 -8.00	 -8.25	0.80	22.77
-18.38	-18.91	0.86	44.34
-30.46	-33.71	29.79	49.81
-30.46	-33.71	29.79	49.81
 -4.86	 -5.27	1.47	21.66
 -8.75	 -9.14	1.34	30.78
-18.38	-18.91	0.86	44.34
 -3.24	 -3.76	1.60	12.45
 -7.87	 -8.05	0.62	21.02
 -6.79	 -6.92	0.28	22.45
-16.84	-17.52	2.61	50.66
 -7.14	 -7.91	3.75	28.35
-17.54	-19.54	14.31	52.69
-17.54	-19.54	14.31	52.69
 -2.69	 -3.09	1.24	10.06
-11.14	-11.33	0.35	26.34
-12.05	-12.15	0.17	21.67
 -4.30	 -4.44	0.26	14.49
-20.31	-22.62	5.94	69.41
-18.60	-21.32	9.66	64.19
 -4.29	 -5.49	2.17	22.77
-46.27	-47.49	33.21	36.37
-28.50	-29.07	8.43	45.79
 -5.19	 -5.93	2.13	20.97
 -1.12	 -1.74	1.87	12.58
 -2.99	 -3.21	0.48	15.06
 -5.88	 -6.30	0.98	19.11
 -5.12	 -5.44	0.57	24.89
-12.21	-12.91	1.52	31.42
-13.54	-13.77	0.65	32.92
 -8.16	 -8.35	0.42	29.19
 -5.43	 -6.07	1.32	21.44
 -4.29	 -5.32	7.83	18.18
 -1.55	 -1.82	1.24	9.92
 -6.63	 -8.01	7.19	20.19
 -2.36	 -2.48	0.34	13.34
 -5.53	 -5.71	0.53	19.05
 -7.47	 -7.61	0.27	15.50
 -6.43	 -7.32	1.76	25.61
-25.82	-26.49	1.18	45.65
 -1.96	 -2.72	1.67	15.87
 -1.96	 -2.72	1.67	15.87
 -4.86	 -5.27	1.47	21.66
 -9.36	 -9.43	0.12	20.78
 -5.43	 -6.07	1.32	21.44
 -6.86	 -7.29	0.86	21.42
 -6.79	 -6.91	0.23	19.56
 -7.08	 -7.26	0.31	18.38
 -1.27	 -1.98	1.14	10.77
 -6.46	 -6.51	0.08	13.84
 -6.46	 -6.51	0.08	13.84
-22.56	-24.51	14.90	53.52
 -2.24	 -2.87	1.36	13.58
 -4.65	 -5.00	0.47	11.09
 -3.15	 -3.52	0.56	10.94
 -5.01	 -5.36	0.46	11.10
 -7.15	 -7.40	4.10	18.72
 -7.47	 -7.61	0.27	15.50
-22.92	-23.12	0.57	47.04
 -8.63	 -9.02	0.79	26.54
 -8.63	 -9.02	0.79	26.54
 -7.75	 -9.43	5.56	31.62
-11.59	-11.94	1.21	35.93
-14.99	-15.66	9.09	26.69
 -9.41	 -9.63	0.49	29.11
 -7.29	 -7.69	1.66	33.34
 -6.79	 -6.91	0.23	19.56
 -7.75	 -9.43	5.56	31.62
 -7.75	 -9.43	5.56	31.62
-10.53	-11.25	1.23	21.63
-23.62	-24.76	2.52	55.46
 -7.75	 -9.43	5.56	31.62
-20.29	-20.83	11.83	26.26
-23.62	-24.76	2.52	55.46
 -8.97	 -9.43	0.93	22.29
 -7.75	 -9.43	5.56	31.62
 -4.78	 -5.24	0.78	24.50
 -8.09	 -8.94	1.92	23.28
 -8.95	 -9.03	0.22	22.62
 -1.53	 -2.55	2.59	10.81
 -8.77	 -8.86	0.34	31.45
 -9.19	 -9.28	0.33	31.47
-12.65	-14.32	11.80	29.73
 -6.43	 -7.32	1.76	25.61
 -8.35	 -8.70	2.19	24.62
-14.76	-15.20	0.73	26.53
-18.10	-18.52	0.71	26.59
 -5.14	 -5.67	1.63	25.29
 -6.61	 -6.74	0.28	15.47
 -5.48	 -5.65	0.33	15.35
-18.38	-18.91	0.86	44.34
-14.76	-15.20	0.73	26.53
-14.76	-15.20	0.73	26.53
 -1.82	 -2.61	1.16	13.79
 -4.29	 -5.49	2.17	22.77
 -4.29	 -5.49	2.17	22.77
 -6.01	 -6.04	0.13	17.78
 -8.09	 -8.17	0.14	19.72
 -0.73	 -2.46	5.90	8.30
-13.55	-14.17	1.31	38.44
 -4.59	 -4.76	0.32	14.40
-14.99	-15.98	3.01	43.01
 -0.82	 -1.42	2.29	14.90
-11.37	-11.80	0.70	28.65
 -8.71	 -9.05	0.71	27.65
 -8.78	 -9.45	4.40	23.01
 -8.42	 -9.20	1.24	25.59
-18.00	-20.52	8.33	72.93
-20.31	-22.44	12.38	53.81
 -5.29	 -5.54	0.65	19.84
 -9.14	 -9.75	1.33	34.38
 -9.57	-10.23	3.24	32.85
-29.73	-29.82	0.18	39.67
-19.59	-21.55	5.85	48.11
-20.31	-22.44	12.38	53.81
-14.35	-15.41	2.41	44.77
 -7.17	 -9.13	4.82	35.33
 -7.67	 -8.32	5.82	25.88
-17.48	-18.30	5.17	41.95
 -5.87	 -6.69	8.30	24.80
 -8.75	 -9.14	1.34	30.78
 -5.19	 -5.93	2.13	20.97
-23.56	-24.60	3.71	69.84
-20.08	-20.14	0.11	29.78
-12.58	-13.18	1.77	30.80
-12.58	-13.18	1.77	30.80
-19.37	-20.87	6.57	61.96
-19.35	-20.89	6.72	62.70
-20.07	-21.54	6.95	61.44
-10.13	-10.74	1.68	30.32
-10.62	-11.03	1.21	35.84
 -4.28	 -4.56	0.76	17.56
-19.59	-21.55	5.85	48.11
-26.58	-27.93	4.58	72.37
-21.51	-23.19	11.50	57.29
 -3.92	 -4.24	0.56	20.91
-11.54	-11.80	0.45	34.12
-10.65	-11.26	1.82	28.72
-19.39	-20.85	7.69	61.40
-19.39	-20.85	7.69	61.40
 -3.43	 -3.79	0.68	16.65
 -5.23	 -5.42	0.38	14.32
-14.35	-15.41	2.41	44.77
-38.67	-39.98	2.90	68.87
 -2.69	 -3.09	1.24	10.06
-12.58	-13.18	1.77	30.80
-22.62	-23.70	6.73	62.94
-13.11	-13.81	1.77	38.77
-17.31	-19.24	7.02	50.64
-12.19	-14.35	6.29	47.64
-12.19	-15.21	15.04	32.01
-10.32	-10.75	1.83	26.33
 -7.60	 -7.70	0.17	15.66
 -7.60	 -7.70	0.17	15.66
 -7.30	 -7.38	0.21	21.66
-16.27	-16.51	1.27	46.05
 -2.79	 -3.47	1.31	22.50
 -1.25	 -2.28	2.85	19.95
-19.59	-21.55	5.85	48.11
 -7.03	 -8.32	3.23	23.37
-13.11	-13.81	1.77	38.77
-33.98	-35.69	9.02	83.34
-10.87	-11.21	0.70	29.67
-13.89	-15.39	16.52	45.67
 -8.42	 -9.20	1.24	25.59
-11.67	-13.83	9.77	39.51
 -6.45	 -7.04	4.89	9.25
 -4.87	 -5.10	0.46	17.10
-13.10	-13.37	1.30	31.83
 -7.01	 -7.11	0.20	22.62
 -5.43	 -7.17	8.60	25.14
 -5.43	 -7.17	8.60	25.14
 -8.62	 -9.10	0.71	22.66
 -8.98	 -9.75	2.37	35.95
-19.39	-20.85	7.69	61.40
-19.39	-20.85	7.69	61.40
-13.11	-13.81	1.77	38.77
-16.04	-16.78	2.08	54.46
 -8.63	-10.11	13.39	38.42
-28.68	-29.36	3.36	63.70
 -2.69	 -3.09	1.24	10.06
-11.88	-12.47	1.37	38.53
-14.87	-15.32	4.22	36.57
-13.91	-14.06	0.68	38.03
-10.62	-11.03	1.21	35.84
-30.58	-32.30	17.68	13.38
 -8.71	 -9.04	0.65	27.77
 -5.23	 -5.42	0.38	14.32
-19.39	-20.85	7.69	61.40
-19.39	-20.85	7.69	61.40
-19.39	-20.85	7.69	61.40
-19.39	-20.85	7.69	61.40
-21.51	-23.19	11.50	57.29
-21.51	-23.19	11.50	57.29
-18.37	-19.19	2.03	47.59
-20.50	-20.94	0.69	30.63
 -1.81	 -1.91	0.35	9.41
-13.54	-13.77	0.66	32.90
-18.09	-18.48	0.58	36.85
-11.51	-12.48	6.01	26.83
-29.73	-29.82	0.18	39.67
 -5.88	 -6.30	0.98	19.11
-10.09	-11.66	8.69	37.40
-19.38	-20.37	2.57	44.61
-17.56	-17.90	0.78	40.55
-29.91	-31.95	6.88	82.90
 -5.62	 -6.51	4.93	16.26
 -5.62	 -6.51	4.93	16.26
-20.83	-20.93	0.19	39.63
-21.67	-23.67	15.86	49.84
-21.67	-23.67	15.86	49.84
-21.81	-23.72	15.46	51.36
 -4.86	 -5.27	1.47	21.66
-30.25	-31.04	5.82	58.06
-13.47	-13.82	0.69	33.69
 -3.16	 -4.32	3.74	20.42
 -8.63	 -8.96	0.98	32.32
-13.03	-13.23	0.41	31.20
 -2.69	 -3.09	1.24	10.06
 -4.40	 -4.71	0.47	16.07
-37.83	-38.19	11.45	65.79
-37.09	-37.34	0.61	75.92
 -7.34	 -7.78	1.28	19.73
 -9.28	 -9.83	1.17	24.79
 -1.35	 -2.34	3.50	15.81
-12.62	-12.83	0.44	37.16
-18.33	-20.95	10.27	55.44
 -8.08	 -9.39	4.66	25.92
-11.59	-11.94	1.21	35.93
-39.42	-40.56	4.54	91.74
-14.98	-16.38	3.46	60.64
-11.41	-11.65	0.87	33.60
 -6.45	 -7.04	4.89	9.25
-10.28	-12.45	4.61	47.41
 -8.71	 -9.05	0.71	27.65
 -8.71	 -9.05	0.71	27.65
 -8.71	 -9.05	0.71	27.65
 -5.47	 -5.86	2.97	14.22
-21.67	-23.67	15.86	49.84
-21.67	-23.67	15.86	49.84
-21.67	-23.67	15.86	49.84
-21.67	-23.67	15.86	49.84
-17.62	-20.48	19.70	34.28
-21.23	-23.12	13.63	51.71
-21.81	-23.72	15.46	51.36
-42.34	-42.39	0.34	66.55
 -4.49	 -4.67	0.39	16.27
 -1.86	 -1.96	0.38	12.36
-40.32	-41.32	1.40	62.30
-18.38	-18.91	0.86	44.34
-11.17	-13.39	7.66	48.81
 -9.64	-11.88	6.52	50.73
 -5.36	 -5.99	3.77	26.00
 -7.03	 -8.72	5.18	38.33
 -5.62	 -7.31	5.60	27.19
-16.26	-16.89	1.11	43.87
-16.44	-17.27	1.68	42.96
-18.38	-18.91	0.86	44.34
-13.66	-13.73	0.15	26.72
-13.66	-13.82	0.40	26.34
-13.66	-13.73	0.15	26.72
-13.66	-13.82	0.40	26.34
 -4.26	 -4.62	2.89	15.13
 -1.36	 -1.94	1.08	9.98
 -3.04	 -3.13	0.25	14.56
 -1.22	 -1.54	0.87	14.35
-13.76	-15.36	8.50	57.54
-13.51	-15.00	4.35	60.17
-16.26	-16.89	1.11	43.87
-16.26	-16.89	1.11	43.87
-18.38	-18.91	0.86	44.34
-18.38	-18.91	0.86	44.34
-18.38	-18.91	0.86	44.34
-18.38	-18.91	0.86	44.34
-18.38	-18.91	0.86	44.34
-18.38	-18.91	0.86	44.34
 -3.87	 -4.31	0.78	26.53
 -3.87	 -4.31	0.78	26.53
-41.24	-42.79	6.55	86.96
-41.24	-42.79	6.55	86.96
 -4.55	 -5.64	2.88	25.74
-43.47	-44.83	6.66	87.90
 -8.64	 -9.80	4.73	38.50
 -4.40	 -4.71	0.47	16.07
 -4.40	 -4.71	0.47	16.07
 -4.55	 -5.64	2.88	25.74
 -4.55	 -5.46	2.44	26.62
 -4.55	 -5.46	2.44	26.62
-13.76	-14.43	2.01	41.49
 -7.46	 -7.73	0.52	26.00
 -3.05	 -3.20	0.63	17.87
-11.37	-12.70	8.92	38.38
-16.26	-16.89	1.11	43.87
-17.49	-17.98	1.29	45.59
-26.65	-27.02	0.56	46.90
-26.65	-27.02	0.56	46.90
-29.50	-30.53	1.90	92.52
-13.89	-15.13	11.89	27.74
-27.98	-28.10	0.20	47.60
-22.65	-23.27	1.47	42.56
 -5.33	 -5.48	0.30	17.42
-10.80	-11.04	0.60	30.90
-17.49	-17.98	1.29	45.59
-17.49	-17.98	1.29	45.59
-14.46	-14.60	0.24	35.53
 -8.42	 -9.20	1.24	25.59
-17.65	-18.57	2.10	37.17
-40.94	-41.77	1.71	88.88
 -2.33	 -3.72	4.93	16.15
 -1.69	 -2.00	1.39	13.45
 -6.72	 -8.03	10.68	23.07
-19.50	-19.88	11.07	30.48
-11.17	-13.00	6.37	50.85
-11.17	-12.98	6.49	50.58
-19.39	-20.85	7.69	61.40
 -7.30	 -7.38	0.21	21.66
-17.00	-18.20	10.96	58.80
 -0.91	 -1.27	0.99	10.05
-22.14	-22.95	2.13	54.35
-22.14	-22.95	2.13	54.35
 -7.47	 -7.61	0.27	15.50
 -3.53	 -3.95	1.47	23.45
 -8.42	 -9.20	1.24	25.59
 -7.34	 -7.44	0.17	19.67
-36.74	-38.06	3.45	80.45
-10.43	-10.74	1.12	25.22
-18.63	-20.14	9.40	57.37
 -2.26	 -3.37	4.07	16.65
 -4.82	 -5.34	1.54	22.56
-22.58	-23.01	0.65	38.76
 -3.87	 -4.31	0.73	26.61
 -3.87	 -4.31	0.73	26.61
-11.39	-12.38	3.92	34.37
-19.81	-20.10	0.49	35.01
-19.81	-20.10	0.49	35.01
 -7.51	-10.02	10.52	36.68
-12.94	-14.93	6.96	53.75
 -4.21	 -5.11	5.69	21.75
 -3.51	 -4.10	1.67	16.17
 -3.51	 -4.10	1.67	16.17
-16.44	-17.27	1.68	42.96
-18.38	-18.91	0.86	44.34
-11.17	-13.39	7.66	48.81
-13.11	-13.81	1.77	38.77
-13.11	-13.81	1.77	38.77
-12.00	-12.44	0.79	27.45
-11.69	-13.99	11.36	43.28
 -5.95	 -6.80	4.70	29.19
 -2.39	 -2.82	2.60	16.52
 -4.21	 -4.82	1.16	20.83
 -5.07	 -6.01	8.78	22.09
 -5.07	 -6.01	8.78	22.09
 -3.35	 -4.45	5.32	21.47
 -3.35	 -4.45	5.32	21.47
-13.66	-13.80	0.44	26.33
-11.88	-12.47	1.20	25.09
-13.66	-13.80	0.44	26.33
-11.88	-12.47	1.20	25.09
 -9.80	-10.39	1.47	27.50
 -8.09	 -8.56	1.82	30.87
 -8.09	 -8.56	1.82	30.87
-30.28	-31.08	2.91	73.38
-30.28	-31.08	2.91	73.38
-11.17	-13.40	7.37	49.18
-11.74	-13.70	6.54	49.51
 -3.27	 -3.82	4.18	13.60
 -4.26	 -4.49	1.44	17.71
 -4.26	 -4.49	1.44	17.71
-19.88	-21.62	6.24	59.91
-18.63	-20.16	9.88	59.66
-20.24	-20.28	0.06	31.88
-20.24	-20.28	0.06	32.88
-20.24	-20.28	0.06	32.88
-20.24	-20.28	0.07	33.87
-20.24	-20.28	0.07	33.87
-20.24	-20.28	0.07	34.86
-25.26	-26.55	13.31	49.70
-25.26	-26.55	13.31	49.70
-24.88	-26.04	4.12	64.38
-24.88	-26.04	4.22	64.23
-20.24	-20.28	0.07	33.87
 -4.83	 -4.87	0.08	14.86
-20.61	-21.24	0.85	28.33
 -5.91	 -6.25	0.44	15.13
-20.56	-21.13	0.78	28.45
-15.96	-17.36	3.67	61.41
-17.43	-18.59	3.07	62.41
-16.60	-17.76	3.88	61.28
-16.69	-18.07	3.55	61.53
-15.85	-16.85	3.83	61.45
 -6.21	 -6.68	0.83	21.48
 -6.21	 -6.68	0.83	21.48
-13.16	-13.86	1.78	40.76
-13.11	-13.81	1.77	38.77
-13.11	-13.81	1.77	38.77
-13.11	-13.81	1.77	38.77
-13.11	-13.81	1.77	38.77
-13.11	-13.81	1.77	38.77
 -7.75	 -8.64	2.01	30.44
 -2.60	 -2.69	0.27	13.48
-23.05	-23.96	1.69	52.75
-13.11	-13.81	1.77	38.77
-14.89	-15.32	0.98	42.19
-13.11	-13.81	1.77	38.77
-16.88	-17.70	2.05	44.31
 -3.39	 -3.54	0.26	11.49
-13.51	-14.15	1.28	31.79
 -0.55	 -1.33	1.33	12.37
-21.52	-21.91	0.57	42.88
-29.95	-30.41	0.60	48.79
-16.26	-16.89	1.11	43.87
-16.26	-16.89	1.11	43.87
-40.94	-41.77	1.71	88.88
-16.26	-16.89	1.11	43.87
-10.94	-11.33	0.83	34.41
 -6.44	 -8.01	5.22	34.42
-11.17	-13.39	7.66	48.81
-16.04	-16.74	1.63	50.16
-10.46	-11.40	2.84	38.04
 -5.65	 -6.20	1.05	20.93
 -7.65	 -7.82	0.30	20.42
 -4.35	 -4.77	0.62	15.78
 -5.02	 -5.26	2.18	18.34
-48.68	-49.16	0.75	62.51
-49.55	-50.38	5.08	73.12
-11.06	-11.92	2.56	39.61
-13.11	-13.81	1.77	38.77
 -4.91	 -5.17	1.31	15.01
 -2.15	 -3.43	4.11	14.27
-15.91	-17.76	5.81	58.45
 -4.78	 -5.25	0.76	14.49
 -9.15	 -9.77	1.32	26.54
-11.12	-11.47	1.00	26.35
-24.56	-26.98	9.93	77.43
-27.23	-27.93	4.62	67.91
-23.93	-25.29	3.47	63.95
-10.79	-13.14	12.12	43.49
-48.68	-49.16	0.75	62.51
-48.68	-49.16	0.75	62.51
-48.68	-49.16	0.75	62.51
-48.68	-49.16	0.75	62.51
-48.68	-49.16	0.75	62.51
 -7.52	 -7.61	0.24	21.57
 -8.34	 -8.46	0.22	21.57
 -9.30	 -9.36	0.12	21.77
 -3.37	 -3.59	0.73	16.68
 -2.70	 -3.11	1.23	11.08
 -9.19	 -9.28	0.33	31.47
 -5.73	 -5.92	0.36	20.29
 -2.70	 -2.94	0.87	16.50
-10.23	-10.41	0.44	23.25
-15.62	-16.94	5.59	46.08
 -8.76	 -8.88	0.22	21.55
-19.08	-21.04	8.15	62.60
-17.60	-19.75	8.90	61.00
-19.08	-21.04	8.15	62.60
-18.49	-20.56	8.69	62.40
-16.63	-19.64	9.65	58.30
-15.71	-17.63	7.65	57.19
-13.29	-14.16	2.09	36.21
-24.49	-25.29	1.50	54.09
-15.55	-15.67	0.30	35.47
-36.74	-38.06	3.45	80.45
-36.74	-38.06	3.45	80.45
-43.86	-44.23	5.03	73.34
-17.77	-18.41	1.26	42.73
-22.40	-24.73	13.83	53.38
 -9.20	-11.29	14.71	35.86
 -2.42	 -3.45	3.66	11.40
 -1.78	 -2.58	3.17	11.96
 -9.03	 -9.42	1.08	25.15
-23.56	-24.60	3.71	69.84
 -8.75	 -8.93	0.35	28.33
 -2.49	 -3.78	4.55	17.02
 -5.91	 -6.79	1.13	23.78
-18.91	-19.08	0.45	39.25
-16.04	-16.78	2.08	54.46
 -4.93	 -5.16	0.59	16.00
 -4.93	 -5.16	0.59	16.00
 -4.93	 -5.16	0.59	16.00
 -7.61	 -7.91	0.69	20.77
 -4.93	 -5.16	0.59	16.00
-12.29	-12.89	1.26	31.55
-12.05	-12.15	0.17	21.67
 -4.03	 -4.61	1.94	25.50
-26.27	-27.80	6.14	78.18
-12.81	-14.73	6.63	50.25
-11.17	-13.39	7.66	48.81
-10.96	-14.14	16.11	37.50
-11.80	-13.91	9.35	40.19
-28.47	-28.58	0.18	45.64
-27.77	-28.22	0.67	54.67
-19.32	-19.86	1.08	42.01
 -5.30	 -5.49	0.36	19.31
-10.46	-11.40	2.84	38.04
-10.46	-11.40	2.84	38.04
-13.11	-13.81	1.77	38.77
-10.46	-11.40	2.84	38.04
 -2.21	 -2.98	3.52	12.19
 -1.81	 -2.51	2.38	14.04
 -8.55	 -8.98	0.88	31.32
 -8.44	 -8.88	0.90	31.30
 -8.44	 -8.88	0.90	31.30
-10.79	-13.14	12.12	43.49
-21.67	-23.67	15.86	49.84
-16.44	-17.27	1.68	42.96
-16.44	-17.27	1.68	42.96
-16.44	-17.27	1.68	42.96
-21.67	-23.67	15.86	49.84
 -7.64	 -8.85	5.31	22.45
-11.17	-13.39	7.66	48.81
-10.68	-13.23	15.31	42.42
-11.17	-13.39	7.66	48.81
 -9.58	-11.18	10.49	30.83
 -7.76	 -8.67	5.48	25.63
-13.27	-14.29	2.34	44.86
 -8.51	 -9.12	1.26	20.91
-26.96	-27.09	0.28	45.49
 -7.64	 -8.85	5.31	22.45
-13.11	-13.81	1.77	38.77
-12.97	-14.04	2.49	44.65
-12.53	-13.64	3.23	43.62
-11.48	-12.72	4.13	42.35
-12.42	-13.51	2.55	44.57
-10.86	-12.04	3.04	43.79
 -8.79	-10.24	4.98	38.69
-14.07	-15.15	2.55	44.59
-13.96	-15.06	3.36	43.56
-13.67	-14.76	2.86	44.19
-13.56	-14.64	2.47	44.67
-12.86	-13.93	2.47	44.68
-12.82	-14.77	11.10	27.41
 -9.85	 -9.99	0.25	23.51
 -9.91	-10.09	0.29	22.44
 -6.05	 -6.15	0.17	17.66
 -5.37	 -5.96	7.65	15.30
 -5.37	 -5.96	7.65	15.30
 -5.37	 -5.96	7.65	15.30
 -5.37	 -5.96	7.65	15.30
 -7.56	 -7.64	0.15	18.70
 -0.59	 -1.03	1.80	10.54
-19.39	-20.85	7.69	61.40
-19.39	-20.85	7.69	61.40
-18.03	-19.27	7.25	49.51
 -1.91	 -2.40	1.28	17.65
-26.96	-27.09	0.28	45.49
 -3.34	 -3.43	0.41	13.35
-15.80	-15.97	0.30	27.41
 -2.69	 -3.09	1.24	10.06
 -5.71	 -7.11	6.83	31.45
 -7.52	 -7.58	0.13	16.76
 -7.47	 -7.53	0.13	15.76
 -4.08	 -4.26	0.58	15.08
 -8.01	 -8.45	0.69	22.62
 -9.15	 -9.49	0.49	23.02
 -9.15	 -9.49	0.49	23.02
 -9.15	 -9.49	0.49	23.02
 -9.15	 -9.49	0.49	23.02
 -6.72	 -7.65	2.34	22.50
-17.02	-19.13	12.30	46.88
 -6.32	 -7.07	3.11	28.78
 -3.42	 -4.09	4.33	16.81
 -8.04	 -8.39	0.63	23.81
 -5.13	 -5.28	0.25	15.51
-14.21	-15.17	2.56	49.54
-10.43	-12.10	5.64	44.74
-10.33	-11.41	3.77	47.77
 -9.55	-11.49	9.67	38.20
-10.33	-11.42	3.93	47.53
 -9.27	-11.65	9.36	39.21
-12.88	-14.34	4.43	46.78
-10.60	-12.31	5.24	44.15
 -8.28	 -9.89	5.55	45.04
 -9.61	-11.44	5.42	45.32
-10.86	-12.00	3.82	47.76
-12.79	-13.85	2.49	49.49
-12.27	-13.67	7.85	42.06
-12.02	-13.63	5.38	44.09
 -8.60	 -9.90	12.45	35.56
-14.37	-15.48	2.50	49.46
-10.63	-12.29	5.71	44.68
-11.35	-12.55	2.65	49.17
-12.88	-13.92	2.42	49.62
-10.55	-12.19	5.97	44.21
-12.88	-14.02	3.29	48.18
-10.60	-12.31	5.23	44.17
-10.63	-12.14	3.94	47.38
-11.79	-13.12	3.01	48.59
-10.24	-11.61	4.36	46.82
-10.21	-12.19	4.78	44.76
-12.67	-13.56	3.54	48.34
-13.60	-14.65	3.58	47.88
-16.24	-17.12	2.11	51.52
 -8.39	-10.50	6.79	41.67
-10.58	-11.77	5.09	46.05
 -9.27	-10.69	9.52	38.76
-18.53	-22.11	11.27	63.99
-18.65	-22.65	11.32	63.11
-18.99	-22.30	10.60	64.15
-18.68	-22.00	10.75	63.92
-20.38	-23.53	9.57	65.77
-11.86	-13.40	6.90	47.40
-11.58	-13.15	7.14	47.05
-15.32	-16.46	3.36	49.09
-13.78	-14.97	3.48	48.86
-12.16	-12.75	2.28	36.71
-12.32	-13.74	4.11	47.80
-13.15	-13.52	1.18	38.19
-13.78	-14.97	3.76	48.46
-11.36	-12.48	2.62	49.30
-12.29	-13.40	2.74	49.09
-12.84	-13.86	2.57	49.42
-12.69	-13.64	2.31	49.85
-10.84	-12.05	3.68	47.60
-12.62	-13.62	3.50	47.87
-11.98	-12.94	2.59	49.44
-12.60	-13.84	2.74	50.11
-11.75	-12.96	4.97	46.01
-12.20	-13.16	2.35	49.78
-10.95	-11.96	2.76	49.12
-12.26	-13.57	4.16	48.87
-12.26	-13.52	3.34	50.16
-14.01	-15.11	2.34	50.75
-11.75	-12.96	5.11	45.80
-12.69	-13.63	2.20	50.01
 -8.49	-10.02	5.29	45.15
-20.63	-23.89	9.81	65.69
-20.17	-23.68	16.83	71.92
-15.91	-18.88	9.90	60.37
-19.11	-22.97	11.31	77.34
-15.55	-17.90	7.18	76.42
-18.82	-20.89	7.52	85.60
-19.03	-21.57	11.47	75.61
-20.71	-23.31	10.73	75.87
-18.33	-22.02	14.54	73.94
-13.10	-16.21	7.90	60.87
-12.93	-15.96	7.76	61.14
-26.78	-30.34	21.03	56.81
-26.78	-30.34	21.15	56.72
-25.25	-29.12	22.41	54.64
-30.68	-31.86	7.73	77.86
-27.35	-30.05	16.48	64.94
-27.30	-29.97	16.60	63.50
-28.66	-31.34	16.10	64.90
 -8.28	-10.42	10.11	49.07
 -8.28	-10.70	13.68	42.98
 -6.18	 -9.28	14.39	49.47
 -7.56	 -9.73	12.56	45.32
 -8.09	-11.12	17.08	41.04
 -5.97	 -9.23	13.13	44.28
 -8.27	-11.63	17.27	43.46
 -8.47	-11.73	16.37	41.55
-11.36	-13.82	10.75	55.62
 -6.58	-10.00	12.69	41.62
 -6.08	 -9.93	14.77	37.44
 -7.30	 -9.69	12.15	44.90
 -6.47	 -9.97	15.08	37.20
 -7.43	 -9.79	9.02	50.66
 -6.20	-10.06	12.54	47.79
 -8.47	-11.73	16.37	41.55
 -6.88	 -9.78	13.94	40.24
 -8.91	-12.01	10.92	45.00
 -7.83	 -9.04	3.14	42.64
 -5.88	 -7.64	6.51	36.44
 -5.24	 -6.99	5.97	37.41
 -6.78	 -8.04	4.66	40.60
 -6.09	 -7.12	4.28	40.82
 -8.20	 -9.13	3.55	42.27
-10.20	-11.10	3.66	38.46
 -5.24	 -7.01	6.05	37.29
 -5.74	 -7.48	4.25	40.14
 -6.17	 -7.67	4.72	37.18
 -5.24	 -7.60	6.94	31.68
 -7.82	 -9.20	3.68	38.31
 -5.83	 -7.72	5.90	33.99
 -5.83	 -8.05	6.62	32.17
 -5.64	 -6.97	3.25	37.07
 -5.01	 -6.87	3.96	40.56
 -7.63	 -9.53	9.52	33.58
 -8.26	 -9.45	5.63	35.46
 -9.56	-10.72	6.98	33.62
 -7.97	-10.15	5.74	35.19
 -4.16	 -6.09	5.09	34.34
 -9.90	-11.49	5.74	35.50
-11.35	-13.39	4.15	41.12
 -9.02	-10.76	8.73	32.11
 -3.73	 -6.22	8.05	31.25
 -5.98	 -7.88	5.82	35.45
 -3.12	 -5.53	7.58	31.20
-12.80	-17.12	19.33	57.88
 -4.27	 -5.68	7.70	29.91
 -8.69	 -9.81	4.48	38.86
 -7.07	 -8.65	9.09	30.82
 -6.23	 -8.19	7.05	33.49
 -5.74	 -6.80	6.18	35.12
 -4.86	 -6.91	5.20	35.93
 -1.80	 -4.60	7.69	31.02
 -6.76	 -8.95	10.17	26.62
 -8.11	 -9.50	5.80	34.98
 -6.23	 -8.57	5.31	38.75
 -7.00	 -8.97	4.23	35.78
 -8.09	 -9.19	2.89	38.43
 -6.67	 -8.52	5.72	32.67
-10.72	-13.08	8.63	33.22
 -8.28	-10.14	12.33	27.17
-12.26	-14.27	10.10	32.91
-11.66	-13.80	7.74	35.83
-10.67	-12.27	11.79	30.74
 -6.63	 -9.79	11.42	27.85
-11.04	-13.22	8.40	34.23
 -8.10	-10.77	9.42	32.50
 -9.92	-12.37	7.93	33.40
-11.69	-13.78	8.78	33.77
 -8.89	 -9.92	4.61	35.64
 -9.78	-10.86	4.77	34.58
 -6.56	 -8.18	7.71	30.53
 -9.84	-10.97	4.57	35.02
-10.01	-11.70	6.68	32.51
 -7.69	 -9.06	4.56	35.56
 -9.62	-10.72	4.95	34.29
 -8.93	-10.44	4.58	35.18
 -7.93	 -9.31	4.25	35.99
 -7.93	 -9.34	4.25	35.97
 -8.18	 -9.76	6.72	31.67
 -7.93	 -9.36	4.60	35.40
 -9.67	-10.82	2.51	38.63
 -9.70	-10.62	2.21	39.20
 -8.71	-10.15	5.44	34.65
 -9.30	-10.45	4.60	35.58
 -9.30	-10.76	7.11	30.84
 -9.33	-10.79	6.70	31.07
-11.23	-12.30	4.76	34.62
-10.25	-11.64	5.20	33.79
 -8.82	-10.74	6.53	31.08
-10.55	-11.60	4.09	36.53
 -8.32	 -9.80	5.40	34.24
 -9.49	-10.82	6.54	30.73
 -5.18	 -6.89	6.25	32.68
 -5.37	 -7.54	9.15	27.18
 -6.51	 -8.95	6.83	31.27
 -7.06	 -8.24	5.00	35.06
 -7.93	 -9.60	4.82	34.97
 -9.46	-10.59	4.40	35.86
 -8.06	 -9.68	4.77	35.07
-10.37	-11.29	2.67	38.42
 -9.08	-10.08	3.88	36.54
 -8.31	 -9.50	4.84	34.60
 -8.01	 -9.19	3.70	36.82
 -9.53	-10.69	4.96	34.25
 -7.98	-10.72	12.91	38.45
 -9.65	-11.68	10.86	41.35
-12.12	-13.45	4.19	55.86
 -8.27	-10.81	11.67	43.92
-10.19	-12.01	10.46	45.19
 -9.55	-11.70	8.95	44.81
 -8.89	-10.61	7.55	49.88
-10.00	-12.16	5.39	52.54
 -9.58	-12.23	6.86	49.85
 -7.82	-10.54	8.02	48.06
 -8.24	-10.90	7.11	49.44
 -8.24	-10.76	7.10	49.51
 -9.31	-11.96	6.68	50.11
 -7.84	-10.86	11.31	44.31
-21.00	-23.55	13.12	78.73
-21.18	-23.93	11.27	81.34
-22.77	-25.76	12.51	79.59
-20.61	-23.08	9.41	84.22
-23.32	-26.24	12.29	79.67
-21.74	-24.33	9.05	84.78
-23.30	-26.73	14.38	76.59
-10.13	-12.63	8.21	49.97
-13.84	-15.90	5.33	55.67
-26.78	-28.49	14.23	56.25
-24.47	-26.70	6.19	66.71
-19.61	-21.61	6.89	60.60
-27.12	-28.79	7.05	66.28
-17.76	-19.82	8.10	58.55
-17.89	-20.39	16.11	49.95
-17.34	-19.29	8.76	61.57
-27.98	-29.56	12.01	57.87
-27.23	-28.97	14.51	56.01
-29.34	-31.80	16.00	59.82
-25.53	-27.01	13.58	58.56
-29.34	-30.31	6.22	68.42
-19.30	-21.47	14.60	48.50
-31.05	-32.40	5.16	69.64
-29.43	-31.24	14.28	55.39
-25.52	-27.77	9.03	61.41
-30.39	-32.10	3.83	71.27
-28.22	-28.85	3.43	69.68
-21.61	-23.05	8.80	56.16
-28.24	-29.67	9.67	63.84
-21.51	-23.57	7.84	63.92
-29.97	-31.30	9.13	65.39
-21.74	-23.64	10.72	55.07
-27.77	-29.08	6.16	65.44
-19.80	-21.94	10.61	73.55
-31.19	-32.36	6.02	68.12
-21.96	-25.60	15.01	62.19
-21.55	-23.99	14.56	72.59
-16.66	-19.60	15.21	72.78
-26.51	-27.87	8.18	78.57
-25.08	-27.49	16.45	58.12
-25.08	-27.49	16.45	57.12
-19.70	-21.34	4.20	77.63
-31.94	-34.63	17.96	58.83
-21.95	-24.15	6.62	82.14
-21.74	-24.09	8.83	84.67
-16.94	-19.68	14.01	68.19
-20.66	-22.31	4.90	81.23
 -8.31	-11.44	14.11	39.95
-17.31	-20.73	14.08	75.32
-18.21	-20.50	10.12	58.29
-17.13	-18.65	7.36	64.89
-19.82	-22.23	13.04	62.52
-29.93	-32.49	16.06	63.82
-19.40	-20.86	3.99	73.58
-13.48	-16.89	17.94	67.13
-25.72	-27.81	11.76	78.75
-32.65	-34.15	8.72	74.33
-30.18	-32.53	14.61	67.72
-16.20	-18.33	4.98	69.99
-16.73	-18.45	5.55	71.25
-20.07	-22.45	5.52	73.41
-13.56	-15.73	11.06	63.21
-32.00	-33.69	7.19	74.26
-15.53	-17.02	4.80	73.63
-16.08	-17.75	4.74	68.72
-15.75	-17.23	5.36	74.24
-18.42	-20.43	4.91	70.65
-14.76	-16.25	4.42	75.40
-31.45	-33.89	14.85	66.25
-31.46	-33.17	7.79	80.86
-35.85	-37.57	14.31	74.61
-30.58	-33.06	14.77	66.48
-22.10	-24.96	15.48	63.27
-14.42	-18.05	15.19	67.88
-24.91	-27.25	15.71	62.91
-28.72	-30.60	16.14	73.43
-16.40	-19.37	21.18	43.96
-19.57	-21.93	14.47	62.78
-18.94	-21.15	14.14	64.13
-17.62	-19.42	6.06	67.20
-17.62	-19.42	6.06	67.20
-28.93	-32.27	16.02	66.80
-28.21	-30.13	15.19	58.49
-20.22	-22.19	8.65	58.79
-18.28	-19.76	5.86	67.84
-18.28	-19.76	5.86	67.84
-19.25	-20.76	5.83	68.88
-20.06	-21.50	5.46	68.49
-20.06	-21.50	5.46	68.49
-23.80	-26.42	7.67	81.30
-21.89	-25.55	14.91	74.94
-27.95	-30.63	9.77	73.73
-23.80	-27.30	13.11	65.33
-23.80	-27.30	13.11	65.33
-19.84	-21.92	7.31	85.92
-17.84	-19.84	6.90	70.11
-18.03	-19.70	11.45	65.35
-17.87	-21.75	22.44	43.81
-65.20	-72.84	27.05	216.01
-60.20	-68.64	30.98	213.00
-77.94	-88.54	54.64	204.10
-102.69	-111.73	65.67	200.09
-112.29	-122.75	61.86	234.73
-95.77	-105.49	63.40	205.79
-106.84	-114.50	65.15	236.91
-109.93	-118.68	50.57	262.43
-69.78	-76.78	34.16	172.80
-61.31	-71.89	48.11	233.15
-79.19	-89.12	54.27	207.09
-98.09	-113.40	77.09	256.67
-79.39	-88.54	56.52	201.53
-134.68	-143.96	64.14	227.26
-78.12	-87.43	56.88	200.33
-105.70	-115.16	44.99	293.91
-63.91	-77.26	71.68	200.42
-129.91	-139.98	69.74	290.45
-81.17	-89.67	50.22	211.75
-83.52	-96.03	64.89	274.03
-117.01	-132.23	76.78	325.68
-81.43	-96.08	84.37	264.70
-121.01	-132.19	60.19	306.77
-84.07	-89.40	22.26	203.39
-108.22	-122.44	66.63	284.05
-68.37	-78.54	53.47	256.57
-116.80	-128.87	67.03	283.28
-91.12	-104.27	74.19	282.21
-86.12	-97.45	68.01	294.74
-144.08	-153.62	55.31	318.05
-118.64	-130.28	66.23	301.21
-82.75	-97.88	75.22	272.80
-85.51	-97.92	75.09	231.45
-72.89	-83.55	43.55	220.64
-64.37	-79.31	79.45	232.03
-73.11	-84.47	73.19	222.02
-98.01	-108.23	64.55	218.99
-135.25	-145.32	81.20	268.93
-65.81	-79.65	65.70	223.40
-118.78	-131.35	79.94	287.23
-106.28	-114.28	38.81	266.57
-67.93	-77.54	50.61	222.81
-55.36	-68.46	56.30	219.81
-92.59	-104.97	83.89	248.76
-81.56	-94.94	59.01	299.20
-50.23	-56.56	25.01	154.74
-53.06	-65.84	50.13	262.66
-50.00	-58.73	42.41	174.83
-85.87	-99.72	66.01	294.86
-85.87	-99.54	65.15	298.62
-63.53	-77.34	56.76	234.84
-71.94	-83.17	41.95	257.26
-75.65	-87.07	45.42	273.51
-70.22	-81.76	45.60	250.43
-71.34	-82.34	51.61	214.74
-96.91	-108.66	55.62	284.84
-95.99	-107.74	59.34	278.52
-69.56	-78.77	47.28	192.32
-93.68	-106.45	58.68	312.27
-93.68	-106.45	58.68	312.27
-92.62	-105.39	58.69	312.25
-114.18	-124.64	53.86	287.17
-101.82	-116.62	59.74	364.48
-97.52	-109.88	59.91	267.54
-75.52	-86.11	52.15	203.36
-72.67	-83.67	44.19	258.80
-118.99	-129.37	56.16	292.63
-89.97	-98.72	51.04	237.01
-125.90	-136.42	58.08	278.16
-106.83	-114.95	48.55	279.02
-87.47	-97.52	46.69	252.69
-80.55	-91.20	55.44	210.44
-78.87	-88.59	58.81	205.17
-114.44	-127.63	67.70	309.66
-70.94	-82.49	63.00	190.04
-65.94	-74.17	37.93	187.90
-105.50	-114.85	65.72	223.70
-107.26	-118.27	53.59	268.81
-73.25	-84.88	61.19	200.06
-76.90	-86.64	55.48	216.64
-79.66	-89.37	54.11	211.36
-83.74	-95.51	71.98	240.03
-80.55	-91.15	55.61	209.54
-80.55	-91.15	55.61	209.54
-119.22	-129.54	63.53	253.72
-117.97	-131.45	72.03	288.54
-149.31	-161.09	74.94	324.31
-161.64	-174.62	93.40	334.59
-109.73	-121.84	56.62	265.56
-78.09	-91.37	62.51	253.41
-75.56	-85.68	54.91	203.66
-112.41	-123.10	68.81	269.53
-81.13	-93.42	54.18	217.06
-109.96	-120.09	66.13	265.37
-109.96	-121.16	65.91	266.30
-74.79	-86.98	83.83	169.99
-82.72	-94.92	54.85	297.72
-65.84	-77.61	50.52	245.69
-86.47	-96.82	51.75	245.73
-56.03	-64.31	54.13	157.80
-76.29	-85.74	55.45	199.79
-112.89	-122.21	69.47	239.37
-106.88	-115.06	39.12	289.31
-72.67	-83.87	54.19	219.34
-67.58	-78.61	67.90	187.98
-63.78	-73.02	43.67	223.03
-82.34	-89.11	44.67	207.25
-75.73	-84.72	54.55	199.92
-78.41	-88.11	48.35	201.15
-78.69	-86.88	41.46	219.01
-73.09	-83.91	50.78	205.69
-72.92	-85.18	52.61	236.24
-100.94	-109.46	51.49	275.77
-74.45	-85.10	43.85	220.19
-66.39	-75.81	41.80	209.45
-65.30	-76.30	60.38	211.42
-69.97	-80.88	54.51	213.54
-75.41	-87.05	65.46	206.79
-100.98	-113.21	73.39	239.24
-75.88	-86.72	54.79	220.84
-114.33	-122.61	46.20	236.85
-53.09	-64.30	46.79	200.39
-65.75	-77.47	61.97	226.50
-91.23	-101.41	60.35	275.79
-96.25	-106.59	72.84	193.17
-111.13	-122.01	63.01	267.69
-95.08	-105.07	64.35	215.99
-80.78	-92.21	55.04	250.19
-120.27	-131.65	69.80	254.42
-84.27	-96.74	76.13	244.23
-83.25	-94.36	58.84	245.43
-156.67	-167.80	79.04	341.70
-68.34	-78.58	48.05	237.81
-68.62	-78.88	50.38	233.93
-70.99	-80.36	48.80	243.99
-69.48	-79.31	49.70	235.26
-110.16	-121.04	71.34	222.72
-111.92	-121.92	58.50	264.16
-146.81	-158.27	76.33	312.08
-121.19	-132.50	68.49	260.77
-95.11	-103.49	37.11	226.98
-112.41	-123.10	68.81	269.53
-56.63	-66.33	39.47	194.82
-65.76	-71.38	19.59	186.76
-73.86	-86.43	55.37	231.79
-91.83	-101.85	51.02	241.39
-91.22	-101.66	52.99	240.69
-104.25	-113.06	56.65	232.15
-104.25	-113.06	56.65	232.15
-91.12	-100.19	81.88	194.84
-94.69	-104.33	68.20	238.72
-88.61	-99.81	54.66	245.24
-87.63	-96.48	47.97	228.92
-92.00	-100.73	44.69	243.04
-100.16	-110.34	48.43	262.99
-106.04	-115.45	63.27	239.19
-105.88	-115.98	59.94	251.55
-121.66	-130.55	66.56	241.64
-89.76	-100.29	60.84	254.91
-86.31	-96.18	47.76	232.48
-97.35	-108.09	67.54	208.86
-77.33	-87.91	56.43	200.68
-97.67	-108.10	64.17	216.30
-117.09	-126.22	60.46	236.14
-114.45	-126.53	69.49	298.51
-104.33	-114.52	55.26	263.43
-102.88	-112.58	49.85	248.51
-117.83	-130.26	58.06	281.44
-151.43	-159.27	50.34	317.50
-85.27	-99.43	70.45	250.62
-138.16	-151.03	86.38	284.94
-49.30	-62.97	65.86	239.67
-56.41	-67.14	52.26	211.05
-65.67	-73.44	37.19	179.96
-69.12	-84.54	69.63	294.36
-65.32	-76.27	65.56	192.04
-67.01	-80.83	62.58	269.84
-67.54	-80.58	62.48	306.32
-78.35	-85.81	32.20	200.64
-138.83	-150.45	68.20	308.11
-112.09	-120.87	62.07	228.02
-43.59	-52.94	39.18	162.55
-103.53	-110.82	42.43	236.75
-104.92	-111.92	45.77	232.81
-64.94	-79.58	67.42	244.83
-92.94	-102.52	54.93	213.61
-75.71	-83.81	51.94	211.77
-72.62	-81.95	51.74	209.95
-75.00	-84.10	53.34	205.62
-74.96	-83.73	45.09	219.54
-59.24	-65.96	25.87	192.47
-144.81	-156.03	74.43	317.89
-148.22	-158.52	71.13	324.51
-41.46	-51.70	41.56	159.69
-111.16	-119.49	35.98	276.44
-75.15	-84.98	43.60	238.96
-85.64	-94.77	45.77	203.40
-69.67	-80.19	61.10	178.24
-79.63	-89.08	51.97	175.36
-78.65	-88.57	50.33	182.28
-105.96	-114.64	56.98	210.92
-91.32	-103.75	73.79	230.29
-146.79	-159.96	77.68	352.60
-102.29	-111.65	58.96	227.17
-79.63	-89.08	51.97	175.36
-91.32	-103.75	73.79	230.29
-88.84	-101.35	76.21	226.41
-81.66	-95.67	68.60	282.88
-91.38	-100.71	50.95	222.18
-94.61	-101.04	46.62	216.30
-94.54	-101.73	46.00	201.41
-112.62	-120.89	51.47	224.77
-97.85	-105.36	50.77	197.18
-105.55	-116.73	60.82	289.09
-78.01	-92.30	70.15	268.39
-92.09	-105.57	68.15	276.31
-70.45	-82.10	69.48	179.36
-71.96	-82.27	67.91	180.86
-88.88	-101.52	66.20	241.53
-119.47	-127.47	54.07	245.08
-66.36	-76.89	54.20	219.63
-63.68	-74.86	59.56	196.00
-97.69	-106.35	63.47	246.38
-76.95	-86.45	60.98	195.53
-75.33	-85.65	47.11	214.29
-88.12	-98.69	34.90	275.50
-57.58	-70.41	78.40	173.30
-87.32	-99.31	91.32	173.05
-93.46	-106.07	64.65	249.66
-124.09	-132.24	35.35	274.28
-111.45	-124.06	71.20	277.23
-56.40	-60.71	15.18	162.38
-135.64	-150.42	76.16	349.83
-119.24	-128.81	52.38	247.22
-85.55	-93.67	44.12	201.44
-97.37	-110.55	58.79	283.98
-97.37	-110.55	58.79	283.98
-98.73	-107.47	53.77	229.80
-60.87	-67.09	28.59	183.56
-64.55	-78.30	75.08	252.69
-78.29	-86.04	59.66	203.55
-97.39	-107.46	70.32	201.75
-79.97	-90.70	55.30	210.47
-101.04	-111.08	57.83	274.05
-88.66	-98.18	56.21	227.96
-80.52	-90.21	55.48	204.60
-96.92	-106.42	67.84	209.32
-68.64	-80.74	67.09	183.02
-75.08	-85.48	49.41	211.12
-78.65	-88.78	58.41	208.84
-132.69	-141.55	55.90	296.20
-86.58	-96.00	55.26	247.76
-82.50	-92.05	65.11	218.41
-84.66	-94.41	61.20	238.79
-79.88	-90.39	66.89	223.95
-65.31	-75.94	56.62	207.60
-63.93	-75.53	60.83	206.01
-62.22	-74.06	66.33	199.06
-66.97	-76.57	50.74	222.35
-101.44	-110.87	52.00	240.75
-100.21	-108.78	52.44	241.86
-81.97	-91.60	47.19	224.55
-119.76	-130.81	53.81	310.48
-107.80	-118.42	55.45	261.48
-109.17	-118.42	47.84	267.57
-128.08	-136.80	41.92	304.75
-91.14	-100.13	47.16	225.27
-98.24	-108.54	52.60	249.13
-57.29	-69.63	62.73	194.26
-110.66	-123.92	68.55	335.12
-80.95	-91.11	57.99	204.37
-42.12	-53.87	58.98	212.53
-140.99	-151.37	48.33	327.52
-77.01	-85.34	59.54	167.43
-165.83	-175.80	50.76	398.32
-72.61	-85.89	67.12	266.27
-151.50	-161.48	85.47	293.20
-99.66	-109.77	49.42	245.71
-104.98	-115.87	77.05	248.24
-84.30	-95.96	51.57	234.04
-62.35	-77.79	75.64	264.73
-54.64	-68.61	70.81	220.14
-123.21	-132.75	63.65	245.91
-94.00	-106.78	59.45	263.74
-143.78	-155.38	65.35	293.35
-67.63	-78.82	63.10	222.84
-123.21	-132.75	63.65	245.91
-123.21	-132.75	63.65	245.91
-123.21	-132.75	63.65	245.91
-123.21	-132.75	63.65	245.91
-123.21	-132.75	63.65	245.91
-122.93	-132.49	64.09	245.39
-95.89	-108.95	63.65	253.54
-88.32	-98.64	62.87	252.23
-94.29	-107.09	59.85	263.19
-122.08	-130.28	60.88	241.03
-90.14	-105.74	88.07	311.16
-94.29	-107.07	59.59	263.56
-61.99	-77.44	76.40	264.89
-72.57	-87.95	68.25	276.48
-59.87	-73.61	66.80	207.23
-62.61	-75.49	71.54	208.09
-76.56	-81.79	14.46	218.91
-121.80	-130.72	73.90	220.25
-121.87	-131.37	68.80	233.08
-121.87	-131.37	68.80	233.08
-121.87	-131.37	68.80	233.08
-65.61	-79.25	52.73	248.87
-74.02	-89.27	74.63	256.01
-67.51	-76.50	44.68	212.14
-83.38	-94.94	39.42	269.35
-80.79	-92.00	54.74	210.91
-147.84	-159.10	48.39	326.02
-67.51	-76.50	44.68	212.14
-107.19	-119.12	73.00	251.13
-79.34	-91.36	71.71	269.94
-50.00	-58.73	42.41	174.83
-71.14	-80.43	38.10	214.08
-94.45	-108.12	68.11	252.79
-89.66	-103.36	73.52	276.37
-96.33	-103.98	27.26	261.58
-65.76	-74.72	44.66	210.19
-92.95	-103.70	52.10	267.82
-79.39	-94.27	71.78	286.78
-50.35	-56.95	40.93	170.14
-60.14	-68.41	41.89	189.82
-84.77	-95.09	39.27	243.63
-54.21	-63.39	44.10	182.58
-106.05	-117.51	71.71	255.03
-104.60	-116.25	69.93	259.17
-52.55	-59.85	26.60	198.49
-94.00	-106.78	59.45	263.74
-67.51	-76.50	44.68	212.14
-117.66	-127.40	69.64	235.44
-117.66	-127.40	69.64	235.44
-118.38	-128.01	67.85	238.58
-118.38	-128.01	67.85	238.58
-126.07	-133.85	32.73	288.38
-54.00	-62.98	57.06	148.73
-70.66	-79.30	71.74	170.98
-44.29	-53.37	46.34	162.05
-108.08	-119.64	79.44	255.52
-90.18	-99.12	53.51	228.11
-83.71	-94.95	61.43	215.54
-101.39	-111.05	61.49	228.48
-80.86	-91.22	53.81	213.52
-91.45	-102.94	63.05	240.85
-79.63	-89.41	51.98	211.09
-78.81	-87.89	45.47	216.94
-92.04	-102.91	57.94	241.36
-69.70	-80.25	59.80	189.99
-85.23	-94.67	51.69	208.30
-89.88	-99.49	51.25	241.10
-80.76	-90.83	55.50	211.79
-83.15	-91.92	55.78	207.93
-77.17	-88.45	52.63	260.98
-91.85	-102.00	52.35	255.00
-109.72	-117.32	40.09	277.53
-86.45	-96.02	48.11	224.97
-77.54	-87.18	52.39	216.38
-74.85	-86.70	63.76	225.78
-83.19	-93.77	45.94	227.39
-70.79	-81.46	51.26	205.23
-95.58	-105.67	54.10	240.74
-90.97	-100.15	48.55	235.59
-58.83	-70.11	42.49	215.70
-88.24	-97.84	48.91	238.79
-95.54	-107.00	69.02	217.88
-82.07	-92.61	55.13	213.87
-115.73	-127.36	63.83	290.89
-78.25	-87.04	44.65	217.12
-82.67	-93.07	49.97	230.01
-87.60	-96.36	34.62	250.73
-83.22	-92.60	52.26	202.48
-74.95	-84.67	58.14	190.30
-93.66	-104.52	60.28	229.35
-91.98	-103.85	47.16	258.05
-79.36	-88.83	47.42	213.52
-84.80	-96.16	50.54	253.68
-114.83	-126.57	64.71	288.25
-71.16	-81.29	64.42	181.93
-99.89	-110.34	65.85	220.71
-72.12	-82.71	69.23	181.79
-72.12	-82.71	69.23	181.79
-82.31	-93.42	49.21	228.31
-78.97	-89.27	55.67	204.09
-68.41	-76.85	49.75	169.68
-69.31	-79.14	54.40	198.51
-83.27	-93.43	64.26	208.19
-81.11	-91.17	61.57	204.07
-104.47	-113.58	62.55	242.70
-74.90	-85.51	61.02	192.24
-88.92	-98.93	52.47	220.47
-116.60	-124.67	47.02	260.31
-144.50	-154.93	74.21	268.51
-119.51	-127.89	42.69	263.65
-82.88	-91.28	49.66	201.02
-106.13	-114.14	41.68	267.67
-76.61	-84.07	42.56	224.58
-122.24	-130.24	31.09	279.19
-100.80	-110.02	42.80	235.78
-121.85	-130.44	55.62	254.68
-121.85	-130.44	55.62	254.68
-119.48	-128.22	61.23	242.76
-102.59	-113.54	74.43	229.09
-68.08	-79.07	66.28	172.22
-135.18	-146.19	69.16	285.03
-62.11	-68.76	50.01	157.47
-110.57	-118.62	40.06	242.72
-78.29	-88.95	41.58	235.36
-71.60	-81.75	60.04	196.35
-84.19	-95.29	67.53	221.03
-52.89	-67.40	67.67	253.95
-79.39	-88.54	56.52	201.53
-76.44	-86.35	59.09	195.11
-104.91	-117.91	70.45	277.15
-107.29	-117.66	67.33	256.95
-70.09	-81.98	61.16	208.73
-93.62	-103.84	52.17	266.46
-79.99	-90.60	59.05	204.55
-58.20	-65.24	22.45	192.99
-69.54	-79.86	54.01	206.03
-79.48	-89.98	54.55	204.69
-80.21	-88.96	53.09	212.91
-70.82	-80.53	45.99	270.58
-100.26	-112.66	73.67	234.06
-106.71	-119.26	77.23	247.29
-45.66	-51.49	26.28	161.06
-60.53	-69.82	50.78	180.42
-63.55	-73.70	39.74	229.49
-128.21	-139.81	74.79	327.02
-101.26	-117.09	101.90	284.23
-86.61	-99.92	66.25	284.21
-38.94	-40.72	7.43	110.49
-34.01	-37.64	16.93	90.74
-31.24	-34.49	17.61	95.28
-30.65	-35.33	20.67	82.37
-27.47	-32.21	22.14	78.59
-32.09	-35.49	14.44	93.52
-39.12	-42.49	19.90	90.01
-35.34	-37.39	5.58	108.09
-33.13	-37.53	25.27	75.39
-33.13	-37.53	25.27	75.39
-59.25	-67.43	31.72	215.40
-67.80	-76.83	53.43	177.37
-54.05	-61.18	28.20	205.75
-61.92	-68.48	27.68	219.29
-77.52	-94.87	98.70	322.12
-48.96	-61.64	71.52	213.81
-102.34	-114.96	79.40	314.59
-94.91	-108.93	68.73	290.74
-103.41	-115.99	68.98	314.10
-97.47	-111.21	78.57	301.92
-97.47	-111.21	78.57	301.92
-112.74	-123.34	55.79	319.22
-64.70	-78.22	74.98	218.78
-66.60	-79.58	70.79	240.30
-91.78	-106.95	66.81	356.88
-99.22	-118.62	74.96	349.36
-115.41	-132.13	94.82	323.52
-73.38	-82.33	47.96	206.91
-77.23	-86.20	48.07	229.39
-71.09	-80.59	43.84	195.74
-55.04	-65.15	52.14	175.01
-56.80	-65.65	44.28	184.95
-71.03	-79.64	42.80	203.20
-116.41	-132.06	90.46	328.24
-113.90	-129.19	87.57	306.83
-123.29	-136.19	49.66	356.19
-101.51	-113.15	49.67	311.08
-101.20	-115.23	68.32	309.34
-105.90	-119.81	78.22	291.85
-137.63	-150.67	75.59	338.87
-83.43	-97.21	65.17	274.05
-68.81	-76.98	40.81	192.37
-60.45	-66.50	36.74	152.66
-48.09	-55.84	48.82	136.63
-68.09	-76.43	39.97	174.17
-59.65	-69.85	60.23	120.24
-81.83	-94.35	90.31	173.94
-46.39	-53.93	42.56	141.30
-107.11	-121.84	86.30	302.34
-91.45	-105.55	65.40	336.23
-80.15	-92.06	57.93	279.56
-73.38	-85.99	62.84	250.23
-78.41	-92.40	60.55	281.11
-115.62	-130.90	69.85	335.52
-96.88	-109.59	61.06	307.16
-88.62	-100.08	69.86	273.13
-99.44	-114.68	85.99	283.79
-83.49	-95.46	65.90	273.50
-88.39	-102.50	67.40	280.26
-121.60	-136.24	105.24	301.85
-115.77	-131.28	98.02	274.73
-52.78	-61.87	38.48	176.76
-51.85	-57.48	23.12	172.51
-69.20	-76.66	33.94	204.89
-52.74	-62.15	49.94	174.43
-59.91	-68.09	46.23	158.31
-76.85	-91.32	78.89	233.71
-104.01	-115.42	55.89	329.94
-105.75	-115.50	41.83	348.49
-100.27	-113.61	59.21	353.10
-100.27	-113.61	59.21	353.10
-102.51	-116.74	64.28	340.42
-99.26	-113.17	62.93	347.50
-95.73	-109.10	69.53	309.13
-40.65	-50.80	66.43	172.68
-47.23	-60.50	50.04	285.39
-46.24	-60.81	61.31	228.91
-55.01	-58.25	8.70	118.54
-30.87	-34.36	22.61	84.88
-33.15	-36.70	19.84	92.86
-32.73	-36.43	19.96	89.60
-30.90	-36.17	28.87	73.77
-33.29	-35.81	19.19	93.16
-36.26	-38.41	10.48	107.10
-29.03	-32.42	24.07	85.69
-28.38	-32.08	15.19	103.48
-48.61	-50.15	3.99	116.76
-35.15	-38.03	20.30	94.53
-39.29	-42.33	6.94	107.92
-39.33	-42.18	6.07	109.04
-34.59	-39.00	20.70	94.99
-26.36	-29.90	12.79	98.39
-32.79	-36.10	11.61	110.19
-27.31	-31.64	23.45	88.81
-31.38	-34.99	25.17	85.99
-51.14	-53.67	9.18	116.49
-59.82	-62.60	6.99	117.92
-44.05	-47.25	9.06	109.17
-45.35	-48.32	7.11	113.45
-48.14	-50.73	6.68	114.21
-30.98	-34.22	11.15	103.21
-42.87	-47.30	14.76	103.79
-33.13	-37.53	25.27	75.39
-25.10	-28.82	16.34	91.23
-29.79	-32.27	6.43	109.01
-33.56	-36.27	7.57	106.60
-33.14	-35.70	8.55	105.88
-35.27	-37.62	7.45	107.57
-28.41	-31.19	9.55	102.73
-23.70	-27.48	14.84	95.58
-30.29	-33.29	14.99	97.97
-33.40	-35.66	6.32	108.84
-33.90	-36.91	12.27	100.80
-30.24	-33.54	10.55	101.93
-29.46	-31.75	6.82	108.13
-34.06	-36.59	10.42	103.71
-24.59	-29.20	23.20	83.81
-30.24	-33.54	10.55	101.93
-34.99	-37.40	14.56	98.20
-26.01	-29.13	11.15	100.62
-26.01	-29.13	11.15	100.62
-35.84	-38.18	6.63	108.47
-27.35	-31.71	17.34	90.47
-30.86	-33.78	8.98	104.42
-30.23	-33.19	9.07	104.28
-29.26	-32.33	11.08	102.03
-27.46	-31.45	14.19	110.71
-27.12	-31.60	22.93	82.13
-29.84	-33.09	14.65	92.79
-33.05	-36.04	9.67	104.52
-30.84	-34.42	13.30	97.79
-27.12	-31.49	22.73	83.11
-29.85	-33.58	9.12	104.20
-27.65	-31.94	20.96	84.24
-26.64	-30.87	19.34	87.63
-30.86	-34.28	10.06	102.34
-27.92	-30.95	11.82	100.76
-35.87	-38.31	11.93	101.77
-30.53	-32.96	7.08	107.69
-36.03	-38.64	8.45	106.20
-36.25	-39.06	6.98	107.66
-30.53	-32.96	7.08	107.69
-24.28	-27.41	18.07	89.86
-34.06	-36.59	10.42	104.70
-34.06	-36.59	10.42	104.70
-34.06	-36.59	10.42	104.70
-34.06	-36.59	10.42	104.70
-34.06	-36.59	10.42	104.70
-28.97	-31.47	7.25	107.40
-35.09	-37.52	15.13	97.81
-26.80	-30.32	13.27	96.50
-30.12	-33.94	15.89	93.49
-24.73	-28.32	12.00	100.24
-28.13	-30.99	6.89	107.38
-32.77	-35.59	9.33	104.64
-29.30	-32.83	10.59	101.61
-28.36	-31.71	9.22	103.86
-34.06	-36.59	10.42	104.70
-33.28	-35.67	16.11	96.18
-32.41	-36.09	19.64	89.45
-34.06	-36.59	10.42	104.70
-33.62	-36.31	12.83	100.71
-32.53	-34.75	6.87	108.17
-30.49	-34.18	13.98	97.66
-31.08	-35.50	23.27	83.04
-26.70	-30.30	12.95	97.41
-28.98	-32.35	15.06	93.61
-30.62	-34.10	9.04	104.31
-27.96	-31.22	10.09	103.11
-31.66	-34.42	9.47	104.32
-27.40	-30.56	10.51	102.79
-25.24	-28.71	11.71	101.25
-29.11	-32.91	14.72	96.08
-30.45	-33.35	8.11	106.05
-21.73	-27.33	26.21	75.13
-37.23	-39.65	8.88	106.01
-25.71	-30.53	20.47	97.31
-28.57	-32.12	10.40	102.11
-34.06	-36.59	10.42	104.70
-34.06	-36.59	10.42	104.70
-34.06	-36.59	10.42	104.70
-30.00	-33.61	20.64	86.75
-28.42	-31.79	24.25	83.52
-30.03	-32.36	6.88	107.85
-30.73	-33.60	14.31	97.42
-26.83	-31.01	18.13	89.33
-27.70	-30.52	10.65	101.64
-26.32	-29.83	9.57	104.23
-25.13	-28.65	16.22	93.26
-29.75	-33.09	13.25	98.42
-22.41	-27.11	21.40	84.99
-25.80	-30.05	14.58	96.65
-32.53	-35.20	7.36	107.20
-33.13	-37.53	25.27	75.39
-41.53	-44.22	8.66	88.75
-81.35	-90.28	53.90	240.29
-128.40	-142.59	63.25	395.46
-78.92	-88.78	54.60	237.19
-88.18	-96.37	48.47	246.45
-31.47	-33.44	9.63	85.30
-29.08	-33.08	33.52	77.79
-37.83	-42.43	42.75	92.27
-144.30	-157.69	74.98	384.67
-144.30	-157.62	74.31	384.62
-54.03	-60.20	22.05	136.97
-51.09	-55.16	21.04	118.43
-51.98	-54.36	21.97	114.22
-22.18	-25.68	16.01	90.73
-19.84	-23.90	30.19	62.27
-51.98	-54.36	21.97	114.22
-55.92	-59.79	20.71	115.99
-104.50	-112.17	104.83	139.37
-35.70	-39.15	17.61	96.55
-78.77	-83.39	8.55	209.27
-78.77	-83.39	8.55	209.27
-78.77	-83.39	8.55	209.27
-78.77	-83.39	8.55	209.27
-35.78	-39.55	18.06	98.24
-33.25	-34.69	4.55	108.51
-51.09	-55.16	21.04	120.43
-51.09	-55.16	21.04	120.43
-58.07	-68.25	50.52	184.13
-22.18	-25.68	16.01	90.73
-70.70	-76.17	48.81	108.57
-91.33	-100.38	52.61	214.09
-67.00	-71.76	21.60	186.55
-31.47	-33.44	9.63	85.30
-47.67	-53.30	34.81	94.92
-48.97	-50.74	10.66	107.43
-64.79	-70.52	40.46	113.37
-44.23	-51.99	30.31	183.31
-23.56	-26.47	19.03	87.68
-43.59	-48.83	18.15	133.15
-36.27	-38.10	7.26	89.77
-73.27	-74.32	41.92	105.72
-36.95	-39.81	26.42	112.69
-48.58	-49.78	3.26	110.49
-67.00	-71.76	21.60	186.55
-114.41	-119.65	34.74	212.57
-82.58	-90.70	31.53	245.94
-40.89	-43.86	22.42	110.64
-52.93	-57.79	28.54	111.70
-52.93	-57.79	28.54	111.70
-38.23	-42.34	32.04	100.59
-50.64	-53.00	19.60	122.19
-48.95	-51.59	25.85	113.64
-51.09	-55.16	21.04	118.43
-51.09	-55.16	21.04	120.43
-51.09	-55.16	21.04	120.43
-47.85	-51.35	36.63	98.06
-50.64	-53.34	8.44	131.73
-51.27	-54.18	17.79	123.26
-51.09	-55.16	21.04	120.43
-39.59	-43.52	19.97	107.87
-39.59	-43.43	20.04	106.67
-33.52	-39.71	28.40	112.29
-57.92	-63.59	24.60	176.28
-39.59	-43.56	19.69	109.45
-39.59	-43.43	20.04	106.67
-39.59	-43.52	19.97	107.87
-39.59	-43.52	19.97	107.87
-39.59	-43.43	20.04	106.67
-39.59	-43.52	19.97	107.87
-49.62	-57.04	55.55	171.02
-103.25	-117.16	71.35	287.64
-66.43	-77.95	74.18	194.36
-73.22	-82.08	51.82	196.05
-48.48	-52.69	13.45	119.46
-35.31	-41.09	22.17	116.92
-57.13	-60.03	51.27	88.28
-26.96	-32.35	33.38	105.78
-38.81	-43.64	18.76	129.51
-53.95	-57.34	16.78	126.09
-69.67	-73.19	29.26	151.86
-39.50	-43.14	18.63	109.33
-39.78	-43.49	17.67	110.51
-39.31	-42.92	20.28	104.51
-69.17	-69.79	10.89	123.40
-21.54	-23.83	8.43	95.62
-18.71	-22.47	9.40	87.12
-21.60	-23.74	8.10	95.96
-13.59	-18.05	23.30	69.26
-117.09	-132.45	87.22	301.58
-91.99	-106.19	90.68	262.59
-139.04	-152.36	66.01	345.36
-133.99	-148.69	98.55	327.35
-139.39	-153.03	86.50	310.03
-140.32	-154.17	115.79	267.65
-19.15	-25.19	29.86	115.03
-32.64	-37.31	14.94	138.60
-26.18	-32.20	26.29	130.03
-31.49	-39.33	29.61	155.32
-30.07	-37.27	20.63	151.35
-29.92	-36.54	29.58	141.07
-42.81	-49.13	25.43	147.69
-41.15	-46.81	18.56	154.56
-17.51	-25.14	23.69	118.19
-20.14	-25.91	21.02	124.04
-15.42	-23.65	30.06	105.01
-18.46	-24.68	23.83	109.47
-16.47	-23.60	26.00	118.21
-33.15	-40.78	24.34	171.43
-35.08	-41.93	19.11	179.26
-19.52	-29.67	42.44	138.92
-40.78	-46.72	26.00	170.92
-28.50	-36.88	32.54	153.35
-54.63	-66.01	46.44	225.10
-54.58	-64.68	38.73	218.31
-55.48	-66.53	46.71	217.80
-55.99	-65.05	41.52	175.26
-56.92	-65.71	35.78	186.27
-67.09	-79.78	46.11	257.35
-69.90	-81.37	45.26	264.29
-66.13	-80.17	52.59	247.42
-69.74	-81.24	44.11	265.94
-71.62	-84.67	49.00	251.21
-66.82	-79.35	43.45	261.80
-76.28	-87.36	63.14	227.70
-16.46	-21.60	21.83	77.80
-14.63	-19.67	22.30	72.58
-14.07	-19.32	22.38	73.59
-16.01	-21.28	21.03	79.30
-16.22	-21.01	20.13	78.08
-13.71	-18.89	25.04	68.44
-17.05	-21.78	22.08	75.16
-16.90	-22.01	19.72	84.31
-16.16	-20.52	22.93	77.98
-15.01	-20.53	24.82	71.69
-16.89	-22.11	23.00	77.28
-16.40	-21.70	22.11	78.19
-13.78	-18.82	24.52	71.43
-15.61	-20.39	21.93	73.56
-13.78	-19.44	25.42	67.14
-14.79	-19.92	22.88	71.52
-16.59	-21.24	20.06	78.88
-16.32	-21.12	22.56	75.96
-16.14	-21.13	20.42	78.43
-16.66	-21.42	21.01	76.15
-26.25	-28.98	15.01	75.68
-28.86	-31.12	14.16	78.49
-27.34	-29.81	13.13	80.17
-28.97	-31.44	14.36	78.03
-22.61	-26.76	19.96	67.46
-22.47	-25.74	20.84	66.41
-26.00	-28.75	13.13	79.23
-21.06	-24.59	13.22	80.09
-24.46	-27.44	15.73	74.56
-25.85	-28.93	20.13	69.13
-26.67	-30.11	14.78	76.04
-26.56	-29.80	14.47	76.66
-27.42	-29.60	9.58	85.61
-25.24	-28.40	12.97	78.98
-22.19	-25.53	16.19	75.13
-27.01	-29.56	12.69	80.09
-61.72	-79.89	87.80	339.11
-37.73	-43.98	31.08	166.72
-32.87	-41.51	51.55	134.18
-40.01	-46.10	32.80	179.73
-39.34	-45.94	35.42	167.16
-38.67	-45.46	43.04	150.59
-40.23	-47.15	27.09	174.22
-31.58	-39.14	39.02	146.82
-32.00	-41.42	44.24	131.25
-27.88	-35.72	45.46	124.33
-40.24	-46.71	31.63	183.48
-32.08	-35.07	10.25	99.62
-84.09	-90.25	28.95	254.81
-138.25	-142.99	27.27	266.08
-34.26	-36.54	12.60	84.44
-81.64	-89.39	36.61	245.01
-41.48	-45.07	19.12	126.68
-74.68	-86.08	48.47	221.48
-75.48	-85.37	43.61	231.62
-83.08	-94.15	61.04	209.26
-74.20	-84.39	52.28	219.58
-75.93	-85.58	43.57	232.73
-72.63	-83.80	47.30	219.68
-72.50	-81.68	49.99	223.64
-131.40	-137.06	26.34	271.45
-68.69	-78.04	42.03	206.05
-66.84	-75.38	55.95	176.41
-34.83	-37.20	11.17	90.39
-65.58	-74.16	53.34	174.87
-68.04	-77.09	46.98	198.74
-57.33	-61.66	27.55	162.38
-69.95	-78.88	48.41	196.01
-58.99	-69.90	62.74	154.45
-73.56	-82.41	37.93	206.96
-71.30	-77.41	34.59	216.36
-68.81	-78.65	44.19	194.14
-68.81	-78.65	44.19	194.14
-66.91	-76.27	43.55	204.00
-68.71	-77.25	40.82	203.72
-68.00	-77.41	48.38	195.96
-66.05	-75.52	38.94	203.29
-65.74	-75.71	56.16	186.37
-67.27	-75.98	53.83	182.40
-29.11	-31.57	16.94	75.68
-25.25	-29.22	27.83	54.10
-32.00	-34.83	10.28	89.44
-20.86	-23.41	8.97	85.36
-28.67	-31.88	11.43	91.79
-31.34	-35.65	20.67	120.22
-28.67	-31.88	11.43	91.79
-28.67	-31.88	11.43	91.79
-89.61	-98.26	67.52	196.85
-90.45	-97.21	28.63	254.34
-29.39	-32.40	23.97	66.83
-70.47	-80.14	48.89	191.88
-81.30	-89.53	51.78	221.86
-34.06	-36.53	15.95	82.47
-34.06	-36.53	15.95	82.47
-22.34	-26.19	12.08	94.24
-21.75	-24.87	12.19	92.48
-34.19	-37.34	10.90	90.29
-34.19	-37.34	10.90	90.29
-97.48	-104.57	40.99	238.07
-81.37	-90.38	34.43	246.10
-86.78	-95.13	29.98	251.54
-88.97	-97.20	28.39	254.05
-81.52	-90.33	37.45	239.99
-95.41	-101.95	34.88	245.84
-82.88	-91.55	56.54	216.39
-24.91	-28.24	20.22	75.76
-47.08	-57.94	53.22	165.50
-46.82	-57.78	56.24	167.65
-89.27	-96.69	79.44	175.31
-27.15	-31.77	19.30	80.26
-74.18	-83.61	38.86	215.01
-24.71	-28.39	15.50	90.59
-25.67	-28.82	20.16	71.69
-52.44	-61.08	58.01	127.80
-25.75	-30.46	26.83	70.99
-25.75	-30.46	26.83	70.99
-87.35	-94.43	31.34	238.74
-84.94	-91.82	39.40	231.06
-26.40	-28.77	12.79	85.45
-26.84	-30.03	19.45	73.54
-33.23	-35.95	12.70	86.06
-81.09	-89.20	47.06	222.77
-89.30	-96.10	33.22	247.30
-73.18	-80.65	35.58	215.47
-63.90	-71.70	39.22	193.07
-64.27	-71.06	29.76	218.09
-57.64	-66.36	46.42	190.86
-84.07	-94.50	43.08	254.50
-81.44	-91.79	50.94	243.84
-37.09	-40.32	9.48	98.30
-73.35	-82.11	39.63	236.83
-73.07	-81.55	42.37	231.08
-84.35	-93.12	52.83	209.21
-91.37	-99.57	43.70	231.33
-55.21	-64.71	38.14	201.02
-33.02	-35.94	21.95	69.30
-32.50	-34.08	5.88	93.29
-52.73	-62.67	48.92	189.00
-73.30	-81.00	71.88	176.74
-79.41	-87.08	64.91	194.01
-79.97	-86.60	64.97	191.75
-79.47	-85.32	46.17	226.85
-78.89	-85.51	59.47	209.01
-81.94	-87.60	56.06	211.32
-75.43	-82.91	51.52	217.54
-78.93	-86.56	62.96	198.45
-104.19	-111.47	51.59	204.16
-49.79	-52.44	10.83	144.59
-40.62	-50.58	56.50	180.04
-42.65	-51.75	53.07	182.73
-56.40	-64.37	38.86	205.47
-57.41	-65.73	47.01	197.40
-104.93	-112.25	45.09	252.17
-42.65	-51.75	53.07	182.73
-112.17	-123.02	55.54	294.18
-40.97	-43.74	7.99	104.17
-38.74	-41.84	8.84	99.32
-83.17	-90.85	60.65	219.84
-84.56	-93.36	61.12	200.44
-91.42	-100.96	49.77	215.12
-36.19	-38.78	15.82	84.98
-59.34	-63.73	47.10	94.91
-78.28	-87.14	45.57	224.30
-34.89	-38.64	12.41	111.07
-30.94	-35.09	15.58	88.81
-108.96	-115.90	38.67	245.87
-111.74	-119.33	62.32	223.34
-98.17	-105.12	42.28	243.90
-27.54	-29.61	5.43	103.65
-20.27	-23.50	11.62	82.83
-90.01	-99.81	65.19	212.13
-85.51	-94.77	68.71	188.32
-88.10	-95.62	50.99	221.27
-86.68	-96.39	57.63	204.57
-85.34	-95.75	51.93	219.73
-91.05	-98.52	39.27	245.65
-96.42	-105.10	46.68	231.46
-91.83	-100.48	32.51	251.56
-77.38	-88.25	47.01	221.62
-114.17	-130.29	71.58	383.96
-91.46	-105.02	83.86	273.17
-89.53	-104.46	80.64	284.13
-33.37	-35.53	17.19	93.17
-33.79	-35.78	12.93	99.59
-33.37	-35.53	17.19	93.17
-83.72	-90.43	52.44	195.21
-85.85	-93.37	57.21	186.12
-82.34	-88.77	49.71	199.44
-76.23	-87.18	84.97	158.96
-85.30	-91.94	48.69	207.76
-68.07	-76.89	33.66	221.90
-63.67	-73.36	32.01	222.21
-49.15	-62.77	60.34	193.95
-90.95	-98.45	64.90	204.80
-80.58	-88.78	47.58	229.66
-72.77	-80.78	41.79	235.55
-82.41	-90.70	39.96	235.22
-52.39	-59.24	30.97	162.93
-69.75	-80.25	64.69	203.43
-87.43	-95.12	40.92	241.93
-75.30	-84.68	63.95	196.56
-68.70	-77.90	54.52	220.08
-74.29	-80.73	32.92	248.37
-81.17	-89.19	48.04	229.39
-80.71	-90.04	45.62	232.54
-65.14	-73.18	42.66	180.52
-78.36	-85.55	34.50	220.45
-71.55	-78.76	35.28	244.59
-77.34	-87.07	60.39	202.22
-89.51	-97.06	65.79	203.65
-29.81	-32.85	17.29	90.36
-30.95	-33.36	16.49	78.59
-80.94	-88.73	67.05	196.54
-88.38	-95.57	66.14	217.20
-78.04	-87.59	67.14	210.55
-35.91	-38.43	13.59	97.79
-125.90	-131.72	21.60	276.98
-137.59	-143.76	28.08	288.41
-152.22	-157.15	22.09	280.48
-79.93	-88.55	39.04	249.81
-89.20	-96.19	44.74	245.23
-104.75	-111.69	17.92	277.39
-100.21	-107.36	21.89	271.51
-77.17	-85.22	36.00	249.42
-86.82	-96.98	53.16	216.29
-87.17	-95.51	62.87	204.73
-33.79	-35.68	11.52	85.69
-81.70	-88.04	22.78	264.77
-23.15	-25.58	18.73	71.71
-71.13	-80.26	46.36	205.95
-30.74	-33.62	13.15	85.91
-25.84	-28.52	11.81	80.69
-75.95	-82.83	25.17	228.05
-17.13	-19.38	8.62	86.43
-82.78	-90.75	64.83	192.63
-87.87	-95.74	69.17	189.09
-90.26	-98.30	46.15	229.13
-91.02	-99.07	55.01	232.71
-100.23	-108.33	53.32	231.81
-67.54	-76.19	33.38	248.97
-88.23	-96.69	79.49	173.92
-18.18	-20.73	12.61	81.23
-28.61	-31.98	18.42	86.70
-48.15	-52.79	29.56	109.77
-80.40	-86.40	25.90	245.87
-98.79	-106.69	37.78	247.81
-96.29	-105.01	59.13	215.35
-98.06	-107.67	60.74	210.51
-37.70	-40.18	6.71	105.91
-40.99	-43.21	7.24	107.56
-78.65	-88.58	57.31	221.07
-87.53	-95.12	40.48	249.93
-53.75	-62.96	47.20	180.01
-102.33	-110.97	58.93	216.02
-70.34	-81.23	42.40	252.34
-72.43	-82.94	39.52	255.32
-58.38	-69.52	34.60	247.52
-67.81	-77.26	36.28	248.28
-67.04	-76.18	37.04	238.52
-59.96	-70.66	32.55	256.26
-70.16	-81.18	41.12	239.82
-69.04	-78.93	40.20	241.48
-67.75	-78.67	67.47	175.23
-84.73	-92.90	37.16	241.11
-26.34	-28.75	18.06	72.85
-41.92	-44.52	7.59	100.81
-44.71	-47.28	6.64	106.23
-37.25	-39.92	9.13	103.59
-124.54	-129.43	16.74	270.28
-144.00	-148.23	19.66	286.48
-145.08	-149.38	20.04	285.94
-135.38	-141.43	25.71	262.08
-29.75	-32.21	11.70	86.01
-85.00	-93.27	62.07	200.44
-86.05	-95.04	75.78	170.76
-60.81	-69.51	40.02	229.24
-28.79	-31.54	21.33	70.53
-121.39	-136.35	61.75	349.48
-118.31	-132.59	58.31	355.43
-38.74	-41.84	8.85	103.30
-38.74	-41.84	8.85	103.30
-38.74	-41.84	8.85	103.30
-38.74	-41.85	8.86	103.28
-87.98	-95.52	37.82	237.15
-62.36	-70.19	40.85	233.87
-59.64	-66.99	40.45	191.80
-60.95	-72.37	67.51	173.14
-33.24	-35.69	10.91	99.10
-37.38	-40.71	12.24	98.59
-37.38	-40.71	12.24	98.59
-34.06	-36.53	20.15	75.25
-27.03	-31.89	26.23	116.75
-51.59	-62.19	64.44	159.09
-51.83	-61.40	44.61	193.14
-81.57	-89.14	26.29	258.13
-103.34	-111.13	36.53	249.27
-115.66	-121.67	35.06	257.27
-114.47	-119.48	28.27	263.18
-34.85	-37.87	11.86	84.98
-29.78	-32.39	9.51	85.33
-91.88	-98.88	31.03	248.93
-61.38	-69.75	39.49	217.43
-61.47	-70.75	39.94	214.60
-98.98	-107.36	48.56	246.16
-71.98	-80.63	44.65	200.51
-138.60	-144.77	34.37	267.19
-28.40	-30.52	9.44	85.16
-142.63	-147.59	23.54	282.64
-93.58	-100.45	23.73	228.84
-60.98	-71.30	57.30	176.32
-78.26	-85.53	30.45	213.33
-45.00	-46.69	5.27	96.70
-102.68	-111.03	47.20	227.45
-87.67	-95.09	38.34	230.14
-61.20	-67.41	32.24	149.11
-77.38	-88.17	46.73	217.15
-83.57	-93.06	45.81	230.49
-67.60	-77.01	47.27	226.96
-67.47	-76.19	53.23	215.60
-79.68	-86.84	34.50	220.73
-84.01	-90.29	20.99	243.35
-89.42	-96.13	32.40	227.52
-96.29	-103.02	41.72	227.72
-17.12	-20.21	15.51	74.15
-33.72	-36.13	9.47	89.35
-30.29	-33.57	12.97	90.75
-31.54	-34.25	10.45	94.34
-31.10	-33.93	12.71	91.16
-81.75	-90.45	32.58	238.66
-80.76	-89.71	47.51	215.80
-32.65	-34.77	6.48	92.59
-38.37	-40.72	9.89	102.06
-82.14	-90.34	53.68	208.06
-35.47	-38.21	9.57	91.52
-33.69	-36.44	9.58	91.48
-57.66	-67.47	38.07	208.49
-58.46	-68.14	30.54	219.85
-40.52	-43.26	10.79	99.96
-93.00	-102.11	64.42	246.80
-100.08	-109.99	58.08	262.83
-100.51	-110.37	51.96	272.14
-76.31	-87.68	60.19	241.29
-72.79	-85.85	78.67	221.22
-71.58	-83.36	82.36	223.26
-111.16	-121.03	52.19	287.51
-71.13	-81.93	70.59	242.69
-72.53	-83.15	71.74	243.86
-72.56	-84.44	76.22	234.71
-81.30	-91.77	73.70	235.87
-77.99	-90.26	75.51	224.52
-77.12	-86.29	63.27	251.89
-83.55	-97.34	80.82	245.89
-121.46	-129.10	49.38	267.74
-121.46	-129.11	49.43	270.67
-88.44	-100.13	70.51	245.13
-66.34	-80.02	76.52	291.10
-66.59	-80.50	80.34	285.34
-108.14	-119.83	71.26	268.16
-87.17	-97.07	54.98	262.60
-70.78	-82.82	61.53	247.09
-70.25	-82.70	76.47	219.31
-70.78	-82.82	61.53	247.09
-71.87	-83.26	59.82	251.85
-85.60	-97.74	58.94	259.69
-49.44	-60.17	50.59	220.70
-84.96	-96.46	67.75	256.95
-82.09	-93.90	61.63	249.09
-79.65	-89.85	47.49	282.90
-79.65	-89.85	47.45	279.97
-71.87	-83.26	59.82	251.85
-78.23	-93.42	92.52	235.34
-78.28	-93.20	92.32	234.73
-80.82	-93.77	87.41	242.24
-77.63	-90.96	101.24	215.24
-78.34	-91.17	74.78	212.56
-104.01	-116.34	75.78	274.17
-104.76	-116.92	79.77	261.85
-63.31	-76.30	67.71	269.77
-64.92	-79.18	74.19	261.60
-107.12	-119.46	76.94	282.42
-112.65	-122.62	71.96	265.15
-112.65	-122.62	71.96	265.15
-112.65	-122.62	71.96	265.15
-62.59	-74.93	73.36	229.47
-62.59	-74.93	73.39	232.42
-62.66	-75.21	76.83	230.73
-89.77	-101.63	76.82	245.75
-57.51	-70.15	79.37	234.04
-54.96	-66.58	71.80	239.03
-63.37	-74.16	65.97	253.88
-98.36	-106.64	72.97	251.51
-98.37	-106.63	72.83	251.81
-91.13	-100.77	72.02	245.92
-93.57	-103.39	57.83	269.91
-93.57	-103.39	57.83	269.91
-99.47	-107.59	57.63	278.33
-91.32	-102.58	71.29	246.62
-95.69	-105.65	72.54	239.34
-91.13	-100.77	72.02	245.92
-108.53	-118.48	52.70	281.75
-72.53	-85.12	79.18	221.97
-72.53	-85.12	79.18	221.97
-73.34	-84.05	82.38	212.21
-72.58	-84.76	76.93	222.37
-72.58	-84.79	77.41	224.72
-72.53	-85.12	79.18	221.97
-71.22	-82.16	67.28	245.36
-73.12	-82.54	79.61	218.91
-107.86	-118.91	52.73	270.68
-56.64	-70.85	75.23	231.65
-82.58	-96.49	82.83	281.99
-84.03	-96.85	96.51	261.42
-81.97	-95.13	89.98	260.22
-81.97	-95.14	89.99	263.21
-84.61	-98.19	97.04	251.32
-84.61	-98.19	97.06	254.29
-82.84	-97.76	99.14	242.60
-82.84	-97.76	99.15	245.59
-83.29	-98.07	97.89	247.35
-83.37	-98.00	100.24	241.34
-106.48	-117.24	52.50	275.53
-88.27	-100.32	79.58	270.06
-97.61	-109.28	83.24	263.24
-101.76	-112.44	64.92	273.74
-90.22	-100.64	52.76	273.48
-78.89	-89.19	77.08	227.43
-99.09	-110.75	67.27	265.44
-72.41	-84.60	79.88	218.45
-72.41	-84.60	79.81	215.55
-82.00	-92.56	49.26	272.61
-77.62	-88.13	79.83	218.71
-79.52	-89.73	76.61	222.33
-73.84	-86.24	62.57	250.48
-73.40	-86.12	67.69	243.43
-73.84	-86.27	63.41	252.04
-73.84	-86.27	63.41	252.04
-82.94	-94.08	52.56	267.27
-91.91	-104.35	80.55	250.39
-73.69	-86.15	85.35	199.00
-107.27	-117.17	47.56	276.41
-94.80	-106.77	66.40	278.02
-108.83	-118.99	53.27	287.08
-99.04	-109.68	71.42	254.34
-84.75	-95.75	41.41	290.35
-81.06	-96.23	86.82	237.87
-39.13	-47.77	37.59	187.23
-34.62	-43.67	39.91	165.62
-34.62	-43.67	39.91	165.62
-42.97	-54.99	48.10	207.45
-42.97	-54.99	48.07	204.50
-81.27	-96.58	80.01	265.26
-89.92	-99.86	65.20	249.38
-86.71	-97.83	79.22	212.13
-82.76	-93.84	65.03	239.43
-82.76	-93.88	66.14	240.91
-74.11	-86.30	75.09	222.42
-90.59	-100.20	77.86	229.73
-80.52	-90.97	69.14	246.25
-95.49	-103.96	76.77	232.55
-69.61	-82.70	86.55	203.29
-106.20	-113.05	31.89	297.11
-41.31	-52.54	58.88	186.40
-41.31	-52.54	58.88	186.40
-75.94	-87.10	64.30	260.00
-73.15	-85.63	51.06	280.81
-82.82	-94.59	67.18	244.79
-80.57	-92.46	90.33	208.65
-95.55	-108.33	83.19	217.63
-99.51	-109.54	56.64	263.10
-82.03	-93.55	74.52	227.99
-80.59	-91.99	84.60	204.14
-63.94	-75.30	54.88	249.21
-66.11	-78.42	68.10	239.15
-61.85	-74.43	61.16	236.57
-67.02	-80.05	68.99	231.48
-71.26	-81.89	63.04	246.14
-73.02	-81.64	56.66	186.24
-71.75	-81.91	73.55	225.39
-85.72	-97.60	80.44	246.00
-83.74	-95.16	72.62	239.38
-87.97	-99.24	63.13	271.51
-79.06	-91.19	73.21	236.38
-79.01	-90.93	72.81	235.50
-79.06	-91.19	73.21	236.38
-79.01	-90.93	72.81	235.50
-79.01	-90.93	72.81	235.50
-79.01	-90.93	72.81	235.50
-79.01	-90.93	72.81	235.50
-79.01	-90.93	72.81	235.50
-79.90	-91.12	70.96	241.42
-79.01	-90.93	72.81	235.50
-79.01	-90.93	72.81	235.50
-78.61	-90.35	76.32	225.44
-78.04	-90.00	70.69	238.55
-108.63	-118.10	60.83	272.15
-111.78	-123.64	71.64	258.31
-90.12	-101.43	58.14	329.34
-90.10	-101.34	57.13	330.56
-90.12	-101.43	58.14	329.34
-90.10	-101.34	57.13	330.56
-58.01	-71.42	80.75	199.26
-58.01	-71.40	80.51	196.64
-59.71	-72.42	64.95	237.23
-57.52	-70.62	78.68	208.85
-116.81	-128.59	77.19	285.55
-92.56	-103.05	53.02	271.47
-87.41	-99.23	74.23	226.80
-92.50	-102.83	52.14	272.74
-89.86	-100.74	78.26	223.54
-52.26	-67.81	77.13	261.13
-46.82	-60.10	74.83	192.47
-46.82	-60.10	74.85	195.45
-72.39	-84.44	82.41	229.81
-69.88	-81.68	79.12	227.57
-70.70	-82.78	79.24	225.27
-69.88	-81.68	79.12	227.57
-68.91	-81.04	79.21	227.74
-68.08	-81.02	80.27	223.73
-69.88	-81.68	79.12	227.57
-67.05	-80.79	77.74	227.09
-73.32	-82.00	43.37	298.65
-77.60	-87.97	45.43	292.18
-76.07	-88.65	83.69	239.34
-76.07	-88.63	83.13	237.50
-75.27	-88.22	80.50	242.00
-76.07	-88.65	83.69	239.34
-75.27	-88.25	81.69	243.37
-79.27	-90.47	66.68	247.42
-18.87	-20.61	13.43	81.25
-107.28	-117.33	73.60	243.36
-79.88	-90.39	74.90	234.43
-72.68	-83.96	77.82	236.42
-81.09	-95.01	51.61	285.89
-91.38	-101.54	56.37	272.96
-56.34	-68.63	44.17	238.58
-74.03	-87.35	66.30	245.22
-70.64	-83.06	72.10	241.91
-70.64	-83.06	72.10	241.91
-70.18	-81.76	65.22	251.56
-69.97	-81.71	77.66	226.04
-67.82	-80.15	81.06	219.78
-73.44	-85.19	66.73	261.77
-74.34	-86.94	62.15	258.49
-74.34	-86.94	62.15	258.49
-88.41	-99.68	66.02	268.49
-78.30	-93.41	88.40	251.85
-100.68	-113.02	80.02	256.15
-70.97	-82.46	69.84	230.39
-91.66	-103.55	69.36	249.46
-95.61	-105.79	67.14	246.08
-58.60	-67.19	54.61	210.95
-72.58	-83.18	67.62	242.80
-72.58	-83.18	67.62	242.80
-68.90	-79.09	67.94	206.55
-79.99	-90.50	57.65	274.90
-75.48	-86.98	79.49	238.54
-63.51	-75.25	65.93	212.50
-75.48	-86.98	79.49	238.54
-76.29	-87.39	75.49	245.67
-75.48	-86.98	79.49	238.54
-61.72	-73.80	66.09	208.36
-68.56	-78.39	60.36	221.19
-87.91	-99.17	73.62	241.92
-69.85	-81.00	66.22	250.24
-70.26	-83.52	82.86	217.66
-93.44	-104.06	68.62	251.04
-63.71	-76.22	74.35	283.94
-57.27	-70.82	60.88	249.11
-91.83	-103.26	64.65	250.30
-92.74	-102.53	66.32	253.21
-102.91	-113.35	55.33	268.80
-75.54	-87.00	63.67	249.15
-95.99	-106.87	84.64	215.33
-62.57	-76.93	74.08	265.37
-96.60	-108.67	78.03	238.15
-96.60	-108.66	77.98	238.24
-95.99	-106.87	84.64	215.33
-105.21	-122.67	89.97	282.34
-66.19	-78.95	57.67	309.83
-66.19	-78.92	57.24	307.37
-62.97	-77.89	72.35	282.37
-72.90	-86.77	73.95	258.14
-73.04	-86.20	73.60	252.90
-52.23	-67.35	74.27	304.70
-50.93	-66.94	66.35	305.91
-92.46	-104.82	85.96	219.95
-92.46	-104.83	86.23	222.58
-98.21	-107.27	69.92	250.17
-95.99	-106.87	84.64	215.33
-60.69	-72.58	63.03	266.17
-66.12	-80.11	78.34	273.49
-69.68	-82.56	71.20	277.99
-71.09	-82.49	70.49	264.34
-68.57	-81.06	72.87	263.49
-95.33	-107.58	77.93	236.33
-94.85	-105.54	83.59	215.56
-95.99	-106.87	84.64	215.33
-100.20	-110.19	76.68	235.80
-77.97	-92.53	78.02	226.92
-83.56	-94.88	76.49	233.67
-78.41	-92.70	74.00	230.33
-82.13	-96.63	71.99	232.14
-78.41	-92.74	74.93	232.08
-82.13	-96.68	72.94	233.68
-78.60	-93.21	75.98	230.55
-68.42	-78.18	37.73	260.01
-68.42	-78.18	37.73	260.01
-88.31	-99.20	60.06	254.99
-91.41	-100.64	58.77	264.98
-83.77	-96.08	80.81	220.71
-104.08	-112.60	68.21	257.10
-80.53	-93.92	90.12	236.98
-83.72	-97.30	81.12	255.24
-83.92	-95.01	48.72	281.23
-51.36	-66.30	73.38	240.49
-51.36	-66.30	73.37	237.50
-58.92	-72.09	72.26	218.95
-68.96	-82.21	77.10	289.45
-85.52	-96.81	82.02	225.27
-81.12	-91.67	78.78	230.31
-77.54	-90.51	70.62	288.28
-70.59	-82.62	69.20	244.51
-77.21	-88.67	56.02	277.90
-80.48	-93.11	84.78	214.99
-75.56	-87.93	66.66	246.17
-75.17	-87.97	78.24	225.22
-74.81	-86.24	77.18	231.01
-102.62	-114.13	71.10	272.80
-85.54	-99.61	79.07	266.96
-46.70	-59.24	56.83	219.77
-78.19	-90.89	90.02	246.78
-78.44	-92.34	85.31	252.17
-97.88	-108.73	79.67	239.02
-99.64	-110.27	78.45	241.18
-85.26	-96.31	78.03	226.38
-84.91	-95.96	67.35	244.26
-74.02	-86.57	81.37	224.56
-84.54	-94.76	70.78	231.44
-84.54	-94.76	70.78	231.44
-69.20	-80.53	75.64	226.61
-97.22	-108.57	71.35	274.60
-95.37	-105.27	62.51	293.23
-91.66	-103.13	60.05	288.09
-93.26	-105.13	71.27	283.03
-72.99	-85.72	80.37	223.70
-92.43	-105.54	78.48	266.14
-91.33	-103.42	69.33	272.30
-92.25	-103.57	64.73	282.42
-90.70	-103.33	76.58	264.53
-71.20	-83.13	66.39	244.00
-73.38	-83.97	68.03	239.63
-98.02	-107.74	43.13	290.17
-92.02	-103.47	57.60	257.94
-95.30	-105.89	71.79	234.49
-95.30	-105.87	71.57	231.78
-86.36	-99.57	84.96	239.95
-95.10	-107.03	89.72	227.02
-122.77	-130.22	70.14	241.26
-122.77	-130.22	70.14	241.26
-81.81	-93.41	68.03	234.44
-89.30	-101.52	75.12	264.42
-101.54	-110.77	60.40	276.29
-78.72	-91.48	81.53	222.15
-81.29	-92.74	78.85	227.96
-79.92	-92.05	83.45	216.46
-81.29	-92.74	78.85	227.96
-81.29	-92.74	78.85	227.96
-80.87	-92.28	79.05	234.19
-82.06	-93.37	69.10	247.43
-79.92	-92.05	83.45	216.46
-82.09	-93.29	75.13	238.21
-81.29	-92.74	78.85	227.96
-81.29	-92.74	78.85	227.96
-83.73	-94.23	76.43	240.36
-81.15	-93.17	81.71	219.38
-80.77	-92.80	70.87	236.06
-80.02	-91.50	80.13	213.70
-80.86	-91.68	78.27	221.63
-82.44	-93.02	75.71	223.23
-80.41	-93.11	72.15	227.78
-80.49	-92.35	79.04	221.39
-80.87	-91.68	80.92	211.84
-80.59	-91.99	84.60	204.14
-74.84	-87.87	75.82	225.87
-79.06	-91.19	73.21	236.38
-80.75	-92.36	69.90	245.28
-80.75	-92.36	69.90	245.28
-79.01	-90.93	72.81	235.50
-79.01	-90.93	72.81	235.50
-79.01	-90.93	72.81	235.50
-79.01	-90.93	72.81	235.50
-80.92	-92.89	81.51	241.91
-95.69	-104.96	69.41	237.10
-67.66	-82.59	68.55	302.82
-68.12	-82.60	83.93	272.48
-70.88	-83.53	55.42	261.41
-76.84	-87.75	43.39	286.06
-76.84	-87.75	43.34	286.13
-74.01	-86.02	45.94	280.73
-73.83	-85.87	54.23	266.75
-74.01	-86.02	45.89	280.80
-70.88	-83.54	55.62	264.13
-56.05	-66.72	50.96	225.65
-72.81	-84.99	56.95	265.10
-75.32	-87.13	52.75	272.39
-75.48	-87.16	52.40	272.03
-94.96	-103.59	65.78	246.06
-57.42	-69.64	75.69	211.75
-59.62	-70.33	77.48	210.43
-98.92	-111.67	73.60	266.33
-106.25	-115.24	55.28	302.44
-96.95	-108.10	75.75	259.07
-69.87	-81.02	71.47	228.12
-69.87	-81.00	71.16	228.64
-62.66	-74.92	78.54	204.12
-64.19	-76.40	72.69	222.04
-63.67	-76.02	62.90	238.81
-63.29	-74.99	71.96	224.78
-62.65	-74.19	72.21	222.17
-65.04	-75.26	68.87	229.42
-68.31	-79.45	52.99	257.00
-68.00	-79.34	53.24	259.59
-68.31	-79.45	53.15	259.78
-57.42	-69.64	75.69	211.75
-111.08	-123.36	90.30	245.06
-68.46	-79.78	79.87	210.08
-67.88	-78.55	72.54	230.02
-68.27	-78.23	71.34	227.52
-68.24	-80.10	50.71	263.28
-68.24	-80.35	54.20	257.42
-66.36	-76.97	66.93	237.19
-96.71	-105.82	50.42	269.91
-93.95	-106.06	69.51	275.99
-93.95	-106.06	69.51	275.99
-78.64	-92.77	83.24	253.82
-78.64	-92.77	83.30	256.72
-81.05	-94.07	79.92	263.89
-82.97	-93.49	62.60	243.76
-83.07	-96.76	91.52	234.45
-41.60	-56.34	75.18	201.06
-41.60	-56.34	75.18	201.06
-46.54	-60.49	58.87	237.90
-111.55	-120.29	40.47	287.76
-96.26	-106.31	65.64	276.16
-108.53	-118.90	77.61	246.96
-116.89	-127.14	46.29	280.71
-124.55	-135.58	44.20	281.54
-112.28	-120.31	46.38	280.66
-105.10	-113.57	34.49	295.56
-125.09	-131.96	35.79	292.59
-124.81	-131.72	37.04	290.98
-94.53	-103.56	54.10	262.38
-77.14	-86.74	63.35	256.73
-96.14	-107.37	74.91	245.74
-64.23	-73.13	58.21	169.52
-87.29	-96.25	47.04	274.05
-92.88	-104.88	69.79	238.18
-86.63	-98.30	69.68	280.98
-91.93	-103.26	80.15	238.21
-93.26	-105.29	76.12	275.68
-92.45	-102.40	87.80	201.78
-102.69	-112.59	60.99	270.03
-91.59	-102.22	61.70	266.52
-98.26	-111.26	83.83	268.12
-75.77	-88.53	60.34	253.97
-70.62	-82.77	67.51	239.28
-102.97	-112.30	67.71	273.59
-108.00	-117.97	72.57	260.32
-99.19	-111.14	79.66	239.36
-71.92	-81.92	73.02	225.54
-67.87	-82.90	98.93	239.52
-87.33	-97.33	81.28	214.33
-76.60	-89.18	72.09	243.04
-76.60	-89.18	72.09	243.04
-68.81	-82.41	77.07	232.02
-70.87	-84.83	62.90	255.43
-75.52	-87.58	75.91	231.88
-74.44	-87.15	82.34	219.79
-58.64	-70.47	64.79	254.20
-85.32	-96.95	61.31	267.88
-101.11	-115.02	83.46	259.07
-98.87	-113.88	82.20	261.89
-101.67	-114.11	92.35	242.73
-99.01	-113.01	87.65	247.53
-86.48	-97.62	83.03	210.71
-86.48	-97.62	83.03	210.71
-83.18	-95.63	93.08	185.44
-83.87	-95.22	93.47	187.27
-83.74	-94.76	92.37	186.40
-81.15	-93.13	80.43	239.75
-81.24	-93.06	76.48	246.20
-78.39	-89.29	80.58	222.23
-79.94	-91.77	74.18	250.22
-81.15	-93.13	80.43	239.75
-78.26	-89.45	83.24	213.62
-78.26	-89.45	83.24	213.62
-78.26	-89.45	83.24	213.62
-78.26	-89.45	83.24	213.62
-78.26	-89.45	83.24	213.62
-78.26	-89.45	83.24	213.62
-121.37	-154.73	181.53	584.33
-123.36	-141.78	86.36	413.59
-122.83	-138.08	58.24	431.21
-133.62	-150.79	111.82	355.33
-151.57	-169.58	117.05	416.57
-116.84	-131.45	60.19	409.61
-146.95	-182.36	171.21	663.71
-128.39	-165.49	188.96	605.88
-136.85	-174.03	195.33	625.81
-154.53	-190.06	174.47	658.81
-143.89	-178.74	191.04	632.64
-85.07	-113.20	164.28	397.07
-156.50	-190.78	173.40	665.34
-151.75	-187.70	187.59	623.14
-147.46	-183.00	173.94	662.67
-89.66	-122.43	187.82	445.22
-134.88	-174.28	191.69	616.91
-158.49	-192.63	177.41	649.55
-131.03	-167.31	183.64	637.32
-138.74	-175.66	190.55	621.23
-154.32	-189.59	197.91	596.84
-154.32	-189.59	197.91	596.84
-147.68	-181.18	177.96	643.07
-157.71	-191.24	187.36	628.65
-158.30	-191.51	194.26	617.47
-130.05	-165.90	194.43	602.01
-146.19	-181.57	182.70	628.60
-128.45	-165.34	194.04	609.02
-135.26	-174.04	173.33	648.03
-142.49	-178.62	167.13	664.87
-148.65	-184.10	180.82	656.65
-160.75	-196.79	188.41	623.26
-133.32	-171.37	204.37	580.44
-132.94	-169.95	193.73	596.54
-137.27	-174.30	182.90	629.86
-150.15	-181.34	186.53	636.79
-138.82	-175.43	194.87	610.08
-137.71	-172.75	175.00	645.72
-134.35	-170.02	184.64	622.06
-125.81	-163.97	175.46	657.80
-152.64	-188.38	168.09	677.25
-142.98	-181.57	181.35	653.43
-143.21	-176.72	173.44	656.61
-141.28	-177.67	183.75	636.85
-161.99	-195.60	173.68	639.15
-130.45	-169.60	182.69	633.66
-113.93	-156.95	230.45	533.46
-121.37	-154.73	181.53	584.33
-116.84	-131.45	60.19	409.61
-121.37	-154.73	181.53	584.33
-55.88	-84.10	157.04	304.14
-69.26	-98.76	129.75	423.48
-58.44	-87.94	161.53	318.98
-168.54	-200.47	154.04	643.29
-101.02	-123.48	83.17	458.19
-142.67	-163.22	97.05	573.72
-144.07	-179.63	204.56	562.87
-84.41	-105.09	113.57	376.29
-91.69	-113.92	117.12	349.21
-79.68	-101.51	99.86	384.80
-79.68	-101.51	99.86	384.80
-78.33	-97.42	120.66	304.73
-78.63	-100.85	102.55	379.98
-79.68	-101.51	99.86	384.80
-136.93	-154.79	134.24	290.19
-126.39	-144.93	98.66	339.25
-163.95	-179.73	100.86	360.96
-169.32	-188.40	92.05	494.54
-142.84	-161.72	98.43	409.28
-197.73	-224.05	124.10	593.14
-227.39	-259.13	187.21	644.75
-138.76	-155.93	106.33	378.95
-133.62	-153.02	98.98	440.07
-128.11	-162.52	176.81	539.67
-147.65	-180.33	171.25	584.64
-74.49	-99.66	120.22	403.44
-61.10	-84.39	123.61	404.99
-63.40	-84.20	115.53	352.46
-77.40	-99.30	123.43	406.91
-93.16	-119.64	119.09	466.09
-86.34	-112.54	135.47	402.39
-123.24	-151.88	169.48	479.57
-120.82	-149.60	154.50	465.03
-100.57	-124.59	136.34	375.78
-192.14	-219.62	160.07	553.88
-178.62	-207.15	176.92	471.71
-114.21	-137.76	125.82	436.40
-121.38	-146.27	169.13	409.94
-114.22	-144.05	175.76	455.47
-135.94	-166.21	177.52	428.97
-134.36	-161.40	163.52	479.49
-151.62	-192.45	258.47	516.18
-104.23	-132.98	155.22	429.04
-189.54	-225.15	184.51	668.99
-225.05	-261.38	249.86	550.47
-141.28	-160.92	105.08	456.59
-198.14	-232.64	205.31	564.83
-111.15	-138.12	160.78	416.40
-138.14	-174.98	175.69	638.24
-157.03	-191.64	177.43	613.89
-171.30	-207.66	198.79	627.96
-150.07	-186.54	179.23	660.24
-170.62	-201.54	154.51	686.39
-173.64	-208.35	195.28	633.51
-142.45	-179.63	202.69	599.96
-185.58	-218.16	184.25	625.82
-178.24	-211.67	191.40	650.61
-93.33	-127.39	198.93	416.20
-94.93	-128.46	198.32	422.19
-156.41	-189.71	178.79	654.24
-134.93	-171.45	215.46	561.22
-142.94	-180.18	179.08	649.01
-139.11	-176.26	186.20	619.70
-175.10	-211.98	184.71	625.00
-162.46	-196.57	195.73	586.87
-130.36	-164.80	158.68	599.86
-153.07	-187.09	176.60	642.80
-155.72	-190.60	164.44	651.90
-161.41	-200.01	197.64	609.48
-194.14	-203.57	175.48	324.90
-260.30	-288.00	158.10	719.96
-159.83	-178.06	136.59	389.09
-220.47	-248.88	170.58	706.65
-70.80	-87.27	95.41	350.82
-71.43	-89.07	88.76	365.13
-71.26	-87.93	89.85	358.63
-103.38	-123.28	61.94	442.44
-103.80	-121.65	58.26	449.05
-101.22	-120.73	63.62	439.91
-102.04	-121.95	59.07	447.13
-103.22	-123.32	61.80	442.62
-101.65	-120.88	68.44	432.07
-101.11	-121.47	63.69	439.74
-93.67	-113.44	79.21	405.97
-98.51	-117.84	67.41	436.06
-99.25	-117.88	68.97	431.79
-99.87	-118.54	70.87	430.41
-91.60	-112.30	86.30	405.03
-140.05	-154.84	98.15	353.01
-146.90	-162.79	82.42	395.77
-129.69	-148.14	107.24	354.56
-138.73	-156.08	84.46	384.82
-139.73	-156.16	92.28	372.54
-136.35	-152.48	78.47	403.42
-135.88	-151.95	84.22	394.92
-136.48	-152.21	103.40	343.70
-150.04	-164.77	68.49	424.38
